Time	MeasID	DPID	Channel	A(x)	A(y)	A(z)	B(x)	B(y)	B(z)	M(x)	M(y)	M(z)	N(x)	N(y)	N(z)	F(x)	F(y)	F(z)	Note	I(mA)	Uout(V)	U(V)	SP(V)	R(O)	Var(%)	Rho-a(Om)	Cycles	Pint(V)	Pext(V)	T int(°C)	Latitude	Longitude	
2017-07-03 09:05:45	507	991	1	20	0	0	23	0	0	21	0	0	22	0	0	21.5	0	0.519		50.0035	433.527	171.055	0	3420.86	1.19034	21493.9	2	0.0088623	13.6036	29.4615	0	0	
2017-07-03 09:05:07	497	994	1	1	0	0	4	0	0	2	0	0	3	0	0	2.5	0	0.519		50.0637	126.7	0.44711	0	8.93083	31.2455	56.114	2	0.0088623	13.2226	30.1112	0	0	
2017-07-03 09:05:38	505	995	1	18	0	0	21	0	0	19	0	0	20	0	0	19.5	0	0.519		50.0819	63.4963	17.9339	0	358.091	1.10183	2249.96	2	0.0088623	13.8163	29.4615	0	0	
2017-07-03 09:05:30	503	996	1	13	0	0	16	0	0	14	0	0	15	0	0	14.5	0	0.519		47.9844	463.955	418.298	0	8717.37	4.74702	54772.9	2	0.0088623	13.9581	29.7214	0	0	
2017-07-03 09:05:15	499	1000	1	6	0	0	9	0	0	7	0	0	8	0	0	7.5	0	0.519		49.9853	507.26	217.103	0	4343.33	4.40976	27290	2	0.0088623	13.6391	30.1112	0	0	
2017-07-03 09:05:55	510	1001	1	26	0	0	29	0	0	27	0	0	28	0	0	27.5	0	0.519		17.4543	592.918	18.7061	0	1071.72	0.618879	6733.82	2	0.0088623	13.6036	29.2016	0	0	
2017-07-03 09:05:34	504	1002	1	14	0	0	17	0	0	15	0	0	16	0	0	15.5	0	0.519		49.9978	417.598	2.27075	0	45.417	0.225843	285.363	2	0.0088623	13.8075	29.4615	0	0	
2017-07-03 09:05:51	509	1003	1	25	0	0	28	0	0	26	0	0	27	0	0	26.5	0	0.519		9.95911	468.597	0.263256	0	26.4337	5.27148	166.088	2	0.0088623	13.7809	29.3315	0	0	
2017-07-03 09:05:23	501	1005	1	8	0	0	11	0	0	9	0	0	10	0	0	9.5	0	0.519		40.972	440.519	363.011	0	8859.96	7.4292	55668.8	2	0.0088623	13.8518	29.8513	0	0	
