Time	MeasID	DPID	Channel	A(x)	A(y)	A(z)	B(x)	B(y)	B(z)	M(x)	M(y)	M(z)	N(x)	N(y)	N(z)	F(x)	F(y)	F(z)	Note	I(mA)	Uout(V)	U(V)	SP(V)	R(O)	Var(%)	Rho-a(Om)	Cycles	Pint(V)	Pext(V)	T int(°C)	Latitude	Longitude	
2017-07-03 07:25:44	432	841	1	20	0	0	23	0	0	21	0	0	22	0	0	21.5	0	0.519		50.0038	432.394	164.086	0	3281.48	0.621281	20618.2	2	0.0088623	13.5505	29.2016	0	0	
2017-07-03 07:25:07	422	844	1	1	0	0	4	0	0	2	0	0	3	0	0	2.5	0	0.519		50.0689	121.568	0.614788	0	12.2788	30.0661	77.1501	2	0.0088623	13.4618	29.9813	0	0	
2017-07-03 07:25:37	430	845	1	18	0	0	21	0	0	19	0	0	20	0	0	19.5	0	0.519		50.0797	67.435	19.1687	0	382.764	0.849505	2404.98	2	0.0088623	13.2137	29.4615	0	0	
2017-07-03 07:25:30	428	846	1	13	0	0	16	0	0	14	0	0	15	0	0	14.5	0	0.519		46.3748	483.171	429.411	0	9259.58	5.05677	58179.6	2	0.0088623	13.9936	29.5914	0	0	
2017-07-03 07:25:15	424	850	1	6	0	0	9	0	0	7	0	0	8	0	0	7.5	0	0.519		49.9604	517.105	225.63	0	4516.17	3.92843	28376	2	0.0088623	13.5327	29.8513	0	0	
2017-07-03 07:25:34	429	852	1	14	0	0	17	0	0	15	0	0	16	0	0	15.5	0	0.519		49.9914	441.588	2.24754	0	44.9585	0.425125	282.483	2	0.0088623	13.3378	29.3315	0	0	
2017-07-03 07:25:51	434	853	1	25	0	0	28	0	0	26	0	0	27	0	0	26.5	0	0.519		9.94858	477.487	0.472942	0	47.5386	4.26036	298.694	2	0.0088623	13.8341	29.2016	0	0	
2017-07-03 07:25:11	423	854	1	2	0	0	5	0	0	3	0	0	4	0	0	3.5	0	0.519		44.5147	539.493	191.791	0	4308.47	2.76974	27070.9	2	0.0088623	13.4973	29.9813	0	0	
2017-07-03 07:25:23	426	855	1	8	0	0	11	0	0	9	0	0	10	0	0	9.5	0	0.519		39.8166	432.248	355.95	0	8939.74	7.64043	56170	2	0.0088623	14.029	29.7214	0	0	
