Time	MeasID	DPID	Channel	A(x)	A(y)	A(z)	B(x)	B(y)	B(z)	M(x)	M(y)	M(z)	N(x)	N(y)	N(z)	F(x)	F(y)	F(z)	Note	I(mA)	Uout(V)	U(V)	SP(V)	R(O)	Var(%)	Rho-a(Om)	Cycles	Pint(V)	Pext(V)	T int(°C)	Latitude	Longitude	
2017-07-03 10:25:44	567	1111	1	20	0	0	23	0	0	21	0	0	22	0	0	21.5	0	0.519		50.0169	396.183	159.228	0	3183.48	1.48395	20002.4	2	0.0088623	13.1251	29.3315	0	0	
2017-07-03 10:25:04	556	1113	1	0	0	0	3	0	0	1	0	0	2	0	0	1.5	0	0.519		4.19435	547.051	45.1881	0	10773.6	2.30845	67692.3	2	0.0088623	13.5948	29.7214	0	0	
2017-07-03 10:25:08	557	1114	1	1	0	0	4	0	0	2	0	0	3	0	0	2.5	0	0.519		50.0666	134.295	0.300418	0	6.00036	33.9006	37.7014	2	0.0088623	13.2137	29.9813	0	0	
2017-07-03 10:25:37	565	1115	1	18	0	0	21	0	0	19	0	0	20	0	0	19.5	0	0.519		50.0804	64.1977	17.0617	0	340.687	3.64259	2140.6	2	0.0088623	13.7277	29.4615	0	0	
2017-07-03 10:25:30	563	1116	1	13	0	0	16	0	0	14	0	0	15	0	0	14.5	0	0.519		49.3642	477.264	428.536	0	8681.11	3.80603	54545	2	0.0088623	13.6036	29.5914	0	0	
2017-07-03 10:25:15	559	1120	1	6	0	0	9	0	0	7	0	0	8	0	0	7.5	0	0.519		49.9841	489.649	204.237	0	4086.04	4.24989	25673.3	2	0.0088623	13.0364	29.8513	0	0	
2017-07-03 10:25:33	564	1122	1	14	0	0	17	0	0	15	0	0	16	0	0	15.5	0	0.519		50.004	418.73	2.26977	0	45.3919	0.160628	285.206	2	0.0088623	13.3821	29.4615	0	0	
2017-07-03 10:25:50	569	1123	1	25	0	0	28	0	0	26	0	0	27	0	0	26.5	0	0.519		9.97121	450.392	0.496062	0	49.7494	0.940487	312.585	2	0.0088623	13.5327	29.2016	0	0	
2017-07-03 10:25:23	561	1125	1	8	0	0	11	0	0	9	0	0	10	0	0	9.5	0	0.519		42.9839	428.869	358.144	0	8332.05	7.67406	52351.8	2	0.0088623	13.6745	29.7214	0	0	
