Time	MeasID	DPID	Channel	A(x)	A(y)	A(z)	B(x)	B(y)	B(z)	M(x)	M(y)	M(z)	N(x)	N(y)	N(z)	F(x)	F(y)	F(z)	Note	I(mA)	Uout(V)	U(V)	SP(V)	R(O)	Var(%)	Rho-a(Om)	Cycles	Pint(V)	Pext(V)	T int(°C)	Latitude	Longitude	
2017-07-03 03:05:40	237	451	1	20	0	0	23	0	0	21	0	0	22	0	0	21.5	0	0.519		50.0034	427.752	162.874	0	3257.26	1.74087	20466	2	0.0088623	13.2403	29.3315	0	0	
2017-07-03 03:05:06	227	454	1	1	0	0	4	0	0	2	0	0	3	0	0	2.5	0	0.519		50.0706	133.593	0.716302	0	14.3058	34.5117	89.8863	2	0.0088623	13.2846	29.8513	0	0	
2017-07-03 03:05:34	235	455	1	18	0	0	21	0	0	19	0	0	20	0	0	19.5	0	0.519		50.0773	67.9001	18.6143	0	371.711	0.804785	2335.53	2	0.0088623	13.6036	29.4615	0	0	
2017-07-03 03:05:27	233	456	1	13	0	0	16	0	0	14	0	0	15	0	0	14.5	0	0.519		44.3761	468.122	412.736	0	9300.85	5.00024	58438.9	2	0.0088623	13.2137	29.5914	0	0	
2017-07-03 03:05:12	229	460	1	6	0	0	9	0	0	7	0	0	8	0	0	7.5	0	0.519		49.6706	537.694	232.725	0	4685.37	2.9619	29439	2	0.0088623	13.453	29.8513	0	0	
2017-07-03 03:05:31	234	462	1	14	0	0	17	0	0	15	0	0	16	0	0	15.5	0	0.519		49.9805	453.004	2.23232	0	44.6638	0.15671	280.631	2	0.0088623	13.6391	29.4615	0	0	
2017-07-03 03:05:47	239	463	1	25	0	0	28	0	0	26	0	0	27	0	0	26.5	0	0.519		9.9944	382.806	1.31923	0	131.996	1.9175	829.358	2	0.0088623	13.8872	29.2016	0	0	
2017-07-03 03:05:09	228	464	1	2	0	0	5	0	0	3	0	0	4	0	0	3.5	0	0.519		45.6914	553.029	189.891	0	4155.93	1.8951	26112.5	2	0.0088623	13.1251	29.9813	0	0	
2017-07-03 03:05:20	231	465	1	8	0	0	11	0	0	9	0	0	10	0	0	9.5	0	0.519		40.2191	451.423	384.011	0	9547.98	4.21061	59991.7	2	0.0088623	13.6479	29.7214	0	0	
