Time	MeasID	DPID	Channel	A(x)	A(y)	A(z)	B(x)	B(y)	B(z)	M(x)	M(y)	M(z)	N(x)	N(y)	N(z)	F(x)	F(y)	F(z)	Note	I(mA)	Uout(V)	U(V)	SP(V)	R(O)	Var(%)	Rho-a(Om)	Cycles	Pint(V)	Pext(V)	T int(°C)	Latitude	Longitude	
2017-07-02 22:25:41	27	31	1	20	0	0	23	0	0	21	0	0	22	0	0	21.5	0	0.519		50.002	438.096	186.113	0	3722.12	0.136815	23386.8	2	0.0088623	13.8872	29.5914	0	0	
2017-07-02 22:25:03	16	33	1	0	0	0	3	0	0	1	0	0	2	0	0	1.5	0	0.519		6.49043	562.341	76.3885	0	11769.4	22.2285	73949.4	2	0.0088623	13.7454	30.2411	0	0	
2017-07-02 22:25:07	17	34	1	1	0	0	4	0	0	2	0	0	3	0	0	2.5	0	0.519		50.0682	122.939	0.515755	0	10.3011	22.9329	64.7234	2	0.0088623	13.3909	30.2411	0	0	
2017-07-02 22:25:34	25	35	1	18	0	0	21	0	0	19	0	0	20	0	0	19.5	0	0.519		50.0722	60.535	15.7389	0	314.324	0.18581	1974.96	2	0.0088623	13.1073	29.7214	0	0	
2017-07-02 22:25:27	23	36	1	13	0	0	16	0	0	14	0	0	15	0	0	14.5	0	0.519		42.5519	479.019	422.544	0	9930.08	3.80391	62392.5	2	0.0088623	13.4264	29.8513	0	0	
2017-07-02 22:25:13	19	40	1	6	0	0	9	0	0	7	0	0	8	0	0	7.5	0	0.519		49.7234	542.111	225.467	0	4534.43	2.68222	28490.7	2	0.0088623	13.5327	29.9813	0	0	
2017-07-02 22:25:30	24	42	1	14	0	0	17	0	0	15	0	0	16	0	0	15.5	0	0.519		49.0349	461.396	2.20986	0	45.0671	0.0832572	283.165	2	0.0088623	13.7188	29.8513	0	0	
2017-07-02 22:25:47	29	43	1	25	0	0	28	0	0	26	0	0	27	0	0	26.5	0	0.519		6.79925	462.86	0.568952	0	83.6787	1.86438	525.769	2	0.0088623	13.8429	29.4615	0	0	
2017-07-02 22:25:20	21	45	1	8	0	0	11	0	0	9	0	0	10	0	0	9.5	0	0.519		43.5395	455.953	390.948	0	8979.16	6.06403	56417.7	2	0.0088623	13.7454	29.9813	0	0	
