Time	MeasID	DPID	Channel	A(x)	A(y)	A(z)	B(x)	B(y)	B(z)	M(x)	M(y)	M(z)	N(x)	N(y)	N(z)	F(x)	F(y)	F(z)	Note	I(mA)	Uout(V)	U(V)	SP(V)	R(O)	Var(%)	Rho-a(Om)	Cycles	Pint(V)	Pext(V)	T int(°C)	Latitude	Longitude	
2017-07-03 05:05:47	327	631	1	20	0	0	23	0	0	21	0	0	22	0	0	21.5	0	0.519		49.9986	446.384	174.571	0	3491.52	1.58813	21937.9	2	0.0088623	13.6036	29.3315	0	0	
2017-07-03 05:05:04	316	633	1	0	0	0	3	0	0	1	0	0	2	0	0	1.5	0	0.519		9.52294	521.01	80.021	0	8402.97	2.7388	52797.4	2	0.0088623	13.6036	30.1112	0	0	
2017-07-03 05:05:09	317	634	1	1	0	0	4	0	0	2	0	0	3	0	0	2.5	0	0.519		50.0694	135.228	0.519166	0	10.3689	29.9089	65.1499	2	0.0088623	13.5062	29.9813	0	0	
2017-07-03 05:05:40	325	635	1	18	0	0	21	0	0	19	0	0	20	0	0	19.5	0	0.519		50.0747	61.7223	17.0973	0	341.436	3.85742	2145.31	2	0.0088623	13.7632	29.4615	0	0	
2017-07-03 05:05:32	323	636	1	13	0	0	16	0	0	14	0	0	15	0	0	14.5	0	0.519		44.7225	486.212	421.928	0	9434.36	4.91772	59277.8	2	0.0088623	13.1605	29.7214	0	0	
2017-07-03 05:05:17	319	640	1	6	0	0	9	0	0	7	0	0	8	0	0	7.5	0	0.519		49.8065	527.213	234.218	0	4702.57	3.34776	29547.1	2	0.0088623	13.7011	29.9813	0	0	
2017-07-03 05:05:36	324	642	1	14	0	0	17	0	0	15	0	0	16	0	0	15.5	0	0.519		48.9605	452.552	2.22033	0	45.3494	0.744008	284.939	2	0.0088623	13.4618	29.5914	0	0	
2017-07-03 05:05:53	329	643	1	25	0	0	28	0	0	26	0	0	27	0	0	26.5	0	0.519		9.97445	446.211	1.60933	0	161.345	0.119089	1013.76	2	0.0088623	13.7986	29.2016	0	0	
2017-07-03 05:05:25	321	645	1	8	0	0	11	0	0	9	0	0	10	0	0	9.5	0	0.519		41.2485	454.313	387.808	0	9401.73	4.36608	59072.8	2	0.0088623	13.71	29.7214	0	0	
