Time	MeasID	DPID	Channel	A(x)	A(y)	A(z)	B(x)	B(y)	B(z)	M(x)	M(y)	M(z)	N(x)	N(y)	N(z)	F(x)	F(y)	F(z)	Note	I(mA)	Uout(V)	U(V)	SP(V)	R(O)	Var(%)	Rho-a(Om)	Cycles	Pint(V)	Pext(V)	T int(°C)	Latitude	Longitude	
2017-07-03 03:25:44	252	481	1	20	0	0	23	0	0	21	0	0	22	0	0	21.5	0	0.519		50.0009	435.902	169.98	0	3399.54	0.725952	21359.9	2	0.0088623	13.8429	29.2016	0	0	
2017-07-03 03:25:03	241	483	1	0	0	0	3	0	0	1	0	0	2	0	0	1.5	0	0.519		13.116	598.065	88.0442	0	6712.72	9.0796	42177.3	2	0.0088623	13.6391	29.8513	0	0	
2017-07-03 03:25:07	242	484	1	1	0	0	4	0	0	2	0	0	3	0	0	2.5	0	0.519		50.0721	133.728	1.49521	0	29.8612	38.9743	187.623	2	0.0088623	13.2226	29.8513	0	0	
2017-07-03 03:25:37	250	485	1	18	0	0	21	0	0	19	0	0	20	0	0	19.5	0	0.519		50.0705	65.8367	19.3071	0	385.598	0.0595747	2422.78	2	0.0088623	13.3555	29.4615	0	0	
2017-07-03 03:25:29	248	486	1	13	0	0	16	0	0	14	0	0	15	0	0	14.5	0	0.519		48.282	494.227	444.451	0	9205.33	3.78521	57838.8	2	0.0088623	13.2669	29.5914	0	0	
2017-07-03 03:25:14	244	490	1	6	0	0	9	0	0	7	0	0	8	0	0	7.5	0	0.519		49.6861	534.466	235.183	0	4733.38	2.84792	29740.7	2	0.0088623	13.6923	29.8513	0	0	
2017-07-03 03:25:34	249	492	1	14	0	0	17	0	0	15	0	0	16	0	0	15.5	0	0.519		49.9833	455.506	2.23563	0	44.7276	0.225352	281.032	2	0.0088623	13.2403	29.4615	0	0	
2017-07-03 03:25:50	254	493	1	25	0	0	28	0	0	26	0	0	27	0	0	26.5	0	0.519		9.97357	409.971	1.22675	0	123	1.45796	772.831	2	0.0088623	13.8163	29.2016	0	0	
2017-07-03 03:25:22	246	495	1	8	0	0	11	0	0	9	0	0	10	0	0	9.5	0	0.519		40.5231	454.006	384.583	0	9490.46	4.02919	59630.3	2	0.0088623	13.3112	29.7214	0	0	
