Time	MeasID	DPID	Channel	A(x)	A(y)	A(z)	B(x)	B(y)	B(z)	M(x)	M(y)	M(z)	N(x)	N(y)	N(z)	F(x)	F(y)	F(z)	Note	I(mA)	Uout(V)	U(V)	SP(V)	R(O)	Var(%)	Rho-a(Om)	Cycles	Pint(V)	Pext(V)	T int(°C)	Latitude	Longitude	
2017-07-03 06:25:44	387	751	1	20	0	0	23	0	0	21	0	0	22	0	0	21.5	0	0.519		50.001	435.767	171.758	0	3435.1	0.117935	21583.4	2	0.0088623	13.7986	29.4615	0	0	
2017-07-03 06:25:07	377	754	1	1	0	0	4	0	0	2	0	0	3	0	0	2.5	0	0.519		50.0668	132.151	0.584442	0	11.6732	33.6937	73.3451	2	0.0088623	13.2403	30.1112	0	0	
2017-07-03 06:25:37	385	755	1	18	0	0	21	0	0	19	0	0	20	0	0	19.5	0	0.519		50.0777	65.8347	18.4472	0	368.372	3.30896	2314.55	2	0.0088623	13.8429	29.4615	0	0	
2017-07-03 06:25:30	383	756	1	13	0	0	16	0	0	14	0	0	15	0	0	14.5	0	0.519		46.3852	485.258	436.891	0	9418.78	2.39691	59179.9	2	0.0088623	13.5682	29.5914	0	0	
2017-07-03 06:25:14	379	760	1	6	0	0	9	0	0	7	0	0	8	0	0	7.5	0	0.519		49.8879	522.753	226.407	0	4538.32	3.87214	28515.1	2	0.0088623	13.0364	29.7214	0	0	
2017-07-03 06:25:33	384	762	1	14	0	0	17	0	0	15	0	0	16	0	0	15.5	0	0.519		49.9889	445.934	2.25497	0	45.1095	0.184552	283.431	2	0.0088623	13.6923	29.5914	0	0	
2017-07-03 06:25:51	389	763	1	25	0	0	28	0	0	26	0	0	27	0	0	26.5	0	0.519		9.97003	454.652	1.04861	0	105.176	4.61452	660.839	2	0.0088623	13.8341	29.3315	0	0	
2017-07-03 06:25:11	378	764	1	2	0	0	5	0	0	3	0	0	4	0	0	3.5	0	0.519		45.3531	556.658	191.495	0	4222.31	2.22284	26529.6	2	0.0088623	13.4796	29.9813	0	0	
2017-07-03 06:25:22	381	765	1	8	0	0	11	0	0	9	0	0	10	0	0	9.5	0	0.519		41.4895	454.414	383.021	0	9231.74	4.39399	58004.8	2	0.0088623	13.1251	29.8513	0	0	
