Time	MeasID	DPID	Channel	A(x)	A(y)	A(z)	B(x)	B(y)	B(z)	M(x)	M(y)	M(z)	N(x)	N(y)	N(z)	F(x)	F(y)	F(z)	Note	I(mA)	Uout(V)	U(V)	SP(V)	R(O)	Var(%)	Rho-a(Om)	Cycles	Pint(V)	Pext(V)	T int(°C)	Latitude	Longitude	
2017-07-02 18:45:03	931	1863	1	0	0	0	3	0	0	1	0	0	2	0	0	1.5	0	0.519		0.781007	384.531	4.4134	0	5650.91	0.448562	35505.7	2	0.0088623	13.7809	29.9813	0	0	
2017-07-02 18:45:07	932	1864	1	1	0	0	4	0	0	2	0	0	3	0	0	2.5	0	0.519		50.0749	125.769	0.794609	0	15.8684	33.2901	99.7041	2	0.0088623	13.5593	29.9813	0	0	
2017-07-02 18:45:34	940	1865	1	18	0	0	21	0	0	19	0	0	20	0	0	19.5	0	0.519		50.0797	55.8823	17.3046	0	345.541	0.200712	2171.1	2	0.0088623	13.7454	29.4615	0	0	
2017-07-02 18:45:27	938	1866	1	13	0	0	16	0	0	14	0	0	15	0	0	14.5	0	0.519		30.0953	513.048	429.443	0	14269.4	3.34823	89657.4	2	0.0088623	13.2846	29.5914	0	0	
2017-07-02 18:45:52	945	1871	1	26	0	0	29	0	0	27	0	0	28	0	0	27.5	0	0.519		1.43488	352.065	1.20047	0	836.636	3.65823	5256.74	2	0.0088623	13.6391	29.2016	0	0	
2017-07-02 18:45:31	939	1872	1	14	0	0	17	0	0	15	0	0	16	0	0	15.5	0	0.519		32.7894	446.332	2.21745	0	67.6271	0.159673	424.914	2	0.0088623	13.5948	29.5914	0	0	
2017-07-02 18:45:48	944	1873	1	25	0	0	28	0	0	26	0	0	27	0	0	26.5	0	0.519		3.71426	461.848	0.458346	0	123.402	0.974538	775.357	2	0.0088623	13.9581	29.2016	0	0	
2017-07-02 18:45:10	933	1874	1	2	0	0	5	0	0	3	0	0	4	0	0	3.5	0	0.519		23.34	543.121	144.706	0	6199.92	0.797984	38955.2	2	0.0088623	13.5327	29.9813	0	0	
2017-07-02 18:45:19	936	1875	1	8	0	0	11	0	0	9	0	0	10	0	0	9.5	0	0.519		31.3791	446.518	367.616	0	11715.3	3.001	73609.6	2	0.0088623	13.5505	29.7214	0	0	
