Time	MeasID	DPID	Channel	A(x)	A(y)	A(z)	B(x)	B(y)	B(z)	M(x)	M(y)	M(z)	N(x)	N(y)	N(z)	F(x)	F(y)	F(z)	Note	I(mA)	Uout(V)	U(V)	SP(V)	R(O)	Var(%)	Rho-a(Om)	Cycles	Pint(V)	Pext(V)	T int(°C)	Latitude	Longitude	
2017-07-03 06:45:46	402	781	1	20	0	0	23	0	0	21	0	0	22	0	0	21.5	0	0.519		50.0015	432.798	169.299	0	3385.88	0.354155	21274.1	2	0.0088623	13.8695	29.5914	0	0	
2017-07-03 06:45:04	391	783	1	0	0	0	3	0	0	1	0	0	2	0	0	1.5	0	0.519		4.18718	496.77	36.267	0	8661.45	0.702439	54421.5	2	0.0088623	13.6036	30.2411	0	0	
2017-07-03 06:45:09	392	784	1	1	0	0	4	0	0	2	0	0	3	0	0	2.5	0	0.519		50.0707	132.152	0.416866	0	8.32554	33.8275	52.3109	2	0.0088623	13.3821	29.9813	0	0	
2017-07-03 06:45:39	400	785	1	18	0	0	21	0	0	19	0	0	20	0	0	19.5	0	0.519		50.0754	62.6265	17.7384	0	354.234	1.8697	2225.72	2	0.0088623	13.3732	29.7214	0	0	
2017-07-03 06:45:32	398	786	1	13	0	0	16	0	0	14	0	0	15	0	0	14.5	0	0.519		49.8597	503.96	455.729	0	9140.23	2.44922	57429.8	2	0.0088623	13.6036	29.8513	0	0	
2017-07-03 06:45:17	394	790	1	6	0	0	9	0	0	7	0	0	8	0	0	7.5	0	0.519		49.8539	521.953	222.229	0	4457.6	2.12195	28007.9	2	0.0088623	13.772	30.1112	0	0	
2017-07-03 06:45:36	399	792	1	14	0	0	17	0	0	15	0	0	16	0	0	15.5	0	0.519		49.9954	447.073	2.24115	0	44.8271	0.284755	281.657	2	0.0088623	13.7366	29.7214	0	0	
2017-07-03 06:45:53	404	793	1	25	0	0	28	0	0	26	0	0	27	0	0	26.5	0	0.519		9.96579	442.042	1.17911	0	118.316	4.44202	743.401	2	0.0088623	13.8163	29.4615	0	0	
2017-07-03 06:45:25	396	795	1	8	0	0	11	0	0	9	0	0	10	0	0	9.5	0	0.519		41.4142	438.732	373.925	0	9028.91	6.3894	56730.3	2	0.0088623	13.9581	29.9813	0	0	
