Time	MeasID	DPID	Channel	A(x)	A(y)	A(z)	B(x)	B(y)	B(z)	M(x)	M(y)	M(z)	N(x)	N(y)	N(z)	F(x)	F(y)	F(z)	Note	I(mA)	Uout(V)	U(V)	SP(V)	R(O)	Var(%)	Rho-a(Om)	Cycles	Pint(V)	Pext(V)	T int(°C)	Latitude	Longitude	
2017-07-02 21:25:39	1062	2101	1	20	0	0	23	0	0	21	0	0	22	0	0	21.5	0	0.519		49.9953	453.019	181.856	0	3637.46	0.720257	22854.9	2	0.0088623	13.4441	29.4615	0	0	
2017-07-02 21:25:03	1051	2103	1	0	0	0	3	0	0	1	0	0	2	0	0	1.5	0	0.519		2.80667	487.026	45.2872	0	16135.6	2.43221	101383	2	0.0088623	13.7632	29.9813	0	0	
2017-07-02 21:25:06	1052	2104	1	1	0	0	4	0	0	2	0	0	3	0	0	2.5	0	0.519		50.0719	119.554	0.395193	0	7.8925	29.0774	49.59	2	0.0088623	13.453	30.1112	0	0	
2017-07-02 21:25:32	1060	2105	1	18	0	0	21	0	0	19	0	0	20	0	0	19.5	0	0.519		50.0836	61.3883	16.6437	0	332.318	1.32698	2088.01	2	0.0088623	13.2314	29.5914	0	0	
2017-07-02 21:25:25	1058	2106	1	13	0	0	16	0	0	14	0	0	15	0	0	14.5	0	0.519		42.5793	489.121	434.273	0	10199.2	2.26498	64083.2	2	0.0088623	13.5682	29.7214	0	0	
2017-07-02 21:25:49	1065	2111	1	26	0	0	29	0	0	27	0	0	28	0	0	27.5	0	0.519		5.1836	537.792	2.83119	0	546.181	0.655723	3431.76	2	0.0088623	13.5327	29.3315	0	0	
2017-07-02 21:25:29	1059	2112	1	14	0	0	17	0	0	15	0	0	16	0	0	15.5	0	0.519		48.0734	464.532	2.19425	0	45.6438	0.174489	286.788	2	0.0088623	13.2403	29.7214	0	0	
2017-07-02 21:25:46	1064	2113	1	25	0	0	28	0	0	26	0	0	27	0	0	26.5	0	0.519		3.75565	485.255	0.329659	0	87.7768	0.699613	551.518	2	0.0088623	13.7454	29.4615	0	0	
2017-07-02 21:25:19	1056	2115	1	8	0	0	11	0	0	9	0	0	10	0	0	9.5	0	0.519		38.4442	470	394.574	0	10263.6	4.21209	64487.8	2	0.0088623	13.1782	29.9813	0	0	
