Time	MeasID	DPID	Channel	A(x)	A(y)	A(z)	B(x)	B(y)	B(z)	M(x)	M(y)	M(z)	N(x)	N(y)	N(z)	F(x)	F(y)	F(z)	Note	I(mA)	Uout(V)	U(V)	SP(V)	R(O)	Var(%)	Rho-a(Om)	Cycles	Pint(V)	Pext(V)	T int(°C)	Latitude	Longitude	
2017-07-03 05:45:43	357	691	1	20	0	0	23	0	0	21	0	0	22	0	0	21.5	0	0.519		50.0046	431.578	174.023	0	3480.14	0.164952	21866.4	2	0.0088623	13.8518	29.3315	0	0	
2017-07-03 05:45:04	346	693	1	0	0	0	3	0	0	1	0	0	2	0	0	1.5	0	0.519		4.45821	499.806	38.1672	0	8561.11	0.484249	53791.1	2	0.0088623	13.7366	29.9813	0	0	
2017-07-03 05:45:08	347	694	1	1	0	0	4	0	0	2	0	0	3	0	0	2.5	0	0.519		50.0651	130.395	0.826609	0	16.5107	29.0125	103.74	2	0.0088623	13.4087	29.7214	0	0	
2017-07-03 05:45:36	355	695	1	18	0	0	21	0	0	19	0	0	20	0	0	19.5	0	0.519		50.0802	63.6741	18.1273	0	361.966	4.88033	2274.3	2	0.0088623	13.4618	29.4615	0	0	
2017-07-03 05:45:29	353	696	1	13	0	0	16	0	0	14	0	0	15	0	0	14.5	0	0.519		43.7244	470.323	409.523	0	9366.02	4.3057	58848.5	2	0.0088623	13.4884	29.4615	0	0	
2017-07-03 05:45:14	349	700	1	6	0	0	9	0	0	7	0	0	8	0	0	7.5	0	0.519		49.8312	525.039	226.516	0	4545.66	4.23918	28561.2	2	0.0088623	13.6568	29.9813	0	0	
2017-07-03 05:45:33	354	702	1	14	0	0	17	0	0	15	0	0	16	0	0	15.5	0	0.519		49.9886	459.689	2.22205	0	44.4511	0.347972	279.294	2	0.0088623	13.4796	29.4615	0	0	
2017-07-03 05:45:50	359	703	1	25	0	0	28	0	0	26	0	0	27	0	0	26.5	0	0.519		9.98504	417.096	1.19767	0	119.946	2.6505	753.644	2	0.0088623	13.6657	29.2016	0	0	
2017-07-03 05:45:22	351	705	1	8	0	0	11	0	0	9	0	0	10	0	0	9.5	0	0.519		40.5211	442.876	378.386	0	9338	4.15519	58672.4	2	0.0088623	13.1339	29.7214	0	0	
