Time	MeasID	DPID	Channel	A(x)	A(y)	A(z)	B(x)	B(y)	B(z)	M(x)	M(y)	M(z)	N(x)	N(y)	N(z)	F(x)	F(y)	F(z)	Note	I(mA)	Uout(V)	U(V)	SP(V)	R(O)	Var(%)	Rho-a(Om)	Cycles	Pint(V)	Pext(V)	T int(°C)	Latitude	Longitude	
2017-07-02 23:45:43	87	151	1	20	0	0	23	0	0	21	0	0	22	0	0	21.5	0	0.519		50.0044	423.858	177.209	0	3543.86	0.520062	22266.8	2	0.0088623	13.3378	29.5914	0	0	
2017-07-02 23:45:03	76	153	1	0	0	0	3	0	0	1	0	0	2	0	0	1.5	0	0.519		13.6305	599.052	107.666	0	7898.87	16.2614	49630.1	2	0.0088623	13.7366	30.2411	0	0	
2017-07-02 23:45:07	77	154	1	1	0	0	4	0	0	2	0	0	3	0	0	2.5	0	0.519		50.0739	128.473	0.111546	0	2.22762	35.6313	13.9966	2	0.0088623	13.4175	30.2411	0	0	
2017-07-02 23:45:37	85	155	1	18	0	0	21	0	0	19	0	0	20	0	0	19.5	0	0.519		50.0819	62.5046	16.8092	0	335.634	1.08104	2108.85	2	0.0088623	13.5859	29.7214	0	0	
2017-07-02 23:45:29	83	156	1	13	0	0	16	0	0	14	0	0	15	0	0	14.5	0	0.519		43.0041	487.003	427.318	0	9936.68	3.67308	62434	2	0.0088623	13.2048	29.8513	0	0	
2017-07-02 23:45:15	79	160	1	6	0	0	9	0	0	7	0	0	8	0	0	7.5	0	0.519		49.8725	532.709	223.294	0	4477.3	3.5597	28131.7	2	0.0088623	13.515	30.1112	0	0	
2017-07-02 23:45:33	84	162	1	14	0	0	17	0	0	15	0	0	16	0	0	15.5	0	0.519		48.6119	454.76	2.2086	0	45.4334	1.2814	285.467	2	0.0088623	13.3909	29.7214	0	0	
2017-07-02 23:45:50	89	163	1	25	0	0	28	0	0	26	0	0	27	0	0	26.5	0	0.519		8.90158	437.76	1.34017	0	150.554	1.21479	945.959	2	0.0088623	13.5505	29.4615	0	0	
2017-07-02 23:45:22	81	165	1	8	0	0	11	0	0	9	0	0	10	0	0	9.5	0	0.519		41.0708	432.802	373.344	0	9090.25	7.01694	57115.7	2	0.0088623	13.1782	29.9813	0	0	
