Time	MeasID	DPID	Channel	A(x)	A(y)	A(z)	B(x)	B(y)	B(z)	M(x)	M(y)	M(z)	N(x)	N(y)	N(z)	F(x)	F(y)	F(z)	Note	I(mA)	Uout(V)	U(V)	SP(V)	R(O)	Var(%)	Rho-a(Om)	Cycles	Pint(V)	Pext(V)	T int(°C)	Latitude	Longitude	
2017-07-03 09:45:42	537	1051	1	20	0	0	23	0	0	21	0	0	22	0	0	21.5	0	0.519		50.0163	409.483	174.438	0	3487.62	1.23462	21913.4	2	0.0088623	13.6923	29.5914	0	0	
2017-07-03 09:45:18	530	1052	1	7	0	0	10	0	0	8	0	0	9	0	0	8.5	0	0.519		49.5422	519.067	2.65153	0	53.5206	2.81496	336.28	2	0.0088623	13.0276	29.9813	0	0	
2017-07-03 09:45:07	527	1054	1	1	0	0	4	0	0	2	0	0	3	0	0	2.5	0	0.519		50.0671	136.054	0.440108	0	8.79038	36.8766	55.2316	2	0.0088623	13.2137	30.1112	0	0	
2017-07-03 09:45:36	535	1055	1	18	0	0	21	0	0	19	0	0	20	0	0	19.5	0	0.519		50.0783	66.406	18.1864	0	363.159	4.6761	2281.79	2	0.0088623	13.7454	29.5914	0	0	
2017-07-03 09:45:29	533	1056	1	13	0	0	16	0	0	14	0	0	15	0	0	14.5	0	0.519		47.8348	464.069	416.881	0	8715.02	4.89243	54758.1	2	0.0088623	13.2403	29.7214	0	0	
2017-07-03 09:45:14	529	1060	1	6	0	0	9	0	0	7	0	0	8	0	0	7.5	0	0.519		49.9868	499.464	213.469	0	4270.51	4.03448	26832.4	2	0.0088623	13.7011	30.1112	0	0	
2017-07-03 09:45:33	534	1062	1	14	0	0	17	0	0	15	0	0	16	0	0	15.5	0	0.519		49.9927	425.893	2.25798	0	45.1661	0.346369	283.787	2	0.0088623	13.2491	29.7214	0	0	
2017-07-03 09:45:49	539	1063	1	25	0	0	28	0	0	26	0	0	27	0	0	26.5	0	0.519		9.98629	385.879	0.471785	0	47.2433	1.09095	296.839	2	0.0088623	13.7454	29.4615	0	0	
2017-07-03 09:45:22	531	1065	1	8	0	0	11	0	0	9	0	0	10	0	0	9.5	0	0.519		47.8164	470.437	398.415	0	8332.16	7.56241	52352.5	2	0.0088623	13.4618	29.9813	0	0	
