Time	MeasID	DPID	Channel	A(x)	A(y)	A(z)	B(x)	B(y)	B(z)	M(x)	M(y)	M(z)	N(x)	N(y)	N(z)	F(x)	F(y)	F(z)	Note	I(mA)	Uout(V)	U(V)	SP(V)	R(O)	Var(%)	Rho-a(Om)	Cycles	Pint(V)	Pext(V)	T int(°C)	Latitude	Longitude	
2017-07-03 08:05:44	462	901	1	20	0	0	23	0	0	21	0	0	22	0	0	21.5	0	0.519		50.0041	430.934	166.324	0	3326.21	0.404599	20899.2	2	0.0088623	13.3821	29.5914	0	0	
2017-07-03 08:05:07	452	904	1	1	0	0	4	0	0	2	0	0	3	0	0	2.5	0	0.519		50.0694	117.967	0.440256	0	8.79292	29.6077	55.2475	2	0.0088623	13.2314	30.2411	0	0	
2017-07-03 08:05:37	460	905	1	18	0	0	21	0	0	19	0	0	20	0	0	19.5	0	0.519		50.0806	66.0074	18.9569	0	378.528	0.589065	2378.36	2	0.0088623	13.772	29.7214	0	0	
2017-07-03 08:05:30	458	906	1	13	0	0	16	0	0	14	0	0	15	0	0	14.5	0	0.519		47.7765	474.429	421.545	0	8823.27	5.72968	55438.3	2	0.0088623	13.7986	29.7214	0	0	
2017-07-03 08:05:14	454	910	1	6	0	0	9	0	0	7	0	0	8	0	0	7.5	0	0.519		49.9831	513.009	219.222	0	4385.92	4.22648	27557.6	2	0.0088623	13.32	30.1112	0	0	
2017-07-03 08:05:34	459	912	1	14	0	0	17	0	0	15	0	0	16	0	0	15.5	0	0.519		49.997	432.342	2.25568	0	45.1163	0.404537	283.474	2	0.0088623	13.6036	29.7214	0	0	
2017-07-03 08:05:51	464	913	1	25	0	0	28	0	0	26	0	0	27	0	0	26.5	0	0.519		16.3831	541.163	1.67088	0	101.988	1.31214	640.812	2	0.0088623	13.7986	29.4615	0	0	
2017-07-03 08:05:11	453	914	1	2	0	0	5	0	0	3	0	0	4	0	0	3.5	0	0.519		45.8776	550.886	192.66	0	4199.43	4.28931	26385.8	2	0.0088623	13.1428	30.2411	0	0	
2017-07-03 08:05:22	456	915	1	8	0	0	11	0	0	9	0	0	10	0	0	9.5	0	0.519		39.7792	429.265	351.368	0	8832.95	7.74357	55499	2	0.0088623	13.6036	29.9813	0	0	
