Time	MeasID	DPID	Channel	A(x)	A(y)	A(z)	B(x)	B(y)	B(z)	M(x)	M(y)	M(z)	N(x)	N(y)	N(z)	F(x)	F(y)	F(z)	Note	I(mA)	Uout(V)	U(V)	SP(V)	R(O)	Var(%)	Rho-a(Om)	Cycles	Pint(V)	Pext(V)	T int(°C)	Latitude	Longitude	
2017-05-24 22:45:35	42	61	1	20	0	0	23	0	0	21	0	0	22	0	0	21.5	0	0.519		2.32907	91.1997	4.47078	0	1919.56	0.0331778	12060.9	1	0.0088623	13.6568	29.2016	0	0	
2017-05-24 22:45:15	35	62	1	7	0	0	10	0	0	8	0	0	9	0	0	8.5	0	0.519		3.30866	92.4827	5.94295	0	1796.18	0.147334	11285.7	1	0.0088623	13.5771	29.5914	0	0	
2017-05-24 22:45:29	40	65	1	18	0	0	21	0	0	19	0	0	20	0	0	19.5	0	0.519		2.10213	90.6207	4.08523	0	1943.37	0.0364827	12210.6	1	0.0088623	13.6036	29.5914	0	0	
2017-05-24 22:45:32	41	69	1	19	0	0	22	0	0	20	0	0	21	0	0	20.5	0	0.519		2.02097	90.121	5.54874	0	2745.59	1.6404	17251	1	0.0088623	13.6745	29.4615	0	0	
2017-05-24 22:45:13	34	70	1	6	0	0	9	0	0	7	0	0	8	0	0	7.5	0	0.519		3.15978	92.5666	5.57968	0	1765.85	0.0808354	11095.1	1	0.0088623	13.772	29.8513	0	0	
2017-05-24 22:45:43	45	71	1	26	0	0	29	0	0	27	0	0	28	0	0	27.5	0	0.519		2.02209	91.4148	4.38406	0	2168.08	10.8623	13622.4	1	0.0088623	13.6036	29.2016	0	0	
2017-05-24 22:45:27	39	72	1	14	0	0	17	0	0	15	0	0	16	0	0	15.5	0	0.519		1.48904	78.4062	3.14343	0	2111.04	11.2504	13264.1	1	0.0088623	13.6036	29.4615	0	0	
2017-05-24 22:45:41	44	73	1	25	0	0	28	0	0	26	0	0	27	0	0	26.5	0	0.519		1.26466	84.119	2.90949	0	2300.61	6.16744	14455.2	1	0.0088623	13.8341	29.3315	0	0	
2017-05-24 22:45:18	36	75	1	8	0	0	11	0	0	9	0	0	10	0	0	9.5	0	0.519		3.38166	92.407	6.31074	0	1866.17	0.0806204	11725.5	1	0.0088623	13.6568	29.7214	0	0	
