Time	MeasID	DPID	Channel	A(x)	A(y)	A(z)	B(x)	B(y)	B(z)	M(x)	M(y)	M(z)	N(x)	N(y)	N(z)	F(x)	F(y)	F(z)	Note	I(mA)	Uout(V)	U(V)	SP(V)	R(O)	Var(%)	Rho-a(Om)	Cycles	Pint(V)	Pext(V)	T int(°C)	Latitude	Longitude	
2017-05-27 01:05:34	147	271	1	20	0	0	23	0	0	21	0	0	22	0	0	21.5	0	0.519		6.07872	94.6624	4.37133	0	719.121	0.189473	4518.37	1	0.0088623	13.6391	29.5914	0	0	
2017-05-27 01:05:16	140	272	1	7	0	0	10	0	0	8	0	0	9	0	0	8.5	0	0.519		9.96878	94.3118	5.7821	0	580.02	0.190973	3644.38	1	0.0088623	13.5327	29.7214	0	0	
2017-05-27 01:05:07	137	274	1	1	0	0	4	0	0	2	0	0	3	0	0	2.5	0	0.519		0.461358	65.7324	0.649184	0	1407.11	11.6386	8841.16	1	0.0088623	13.5327	30.1112	0	0	
2017-05-27 01:05:29	145	275	1	18	0	0	21	0	0	19	0	0	20	0	0	19.5	0	0.519		5.24165	94.9451	3.8272	0	730.151	0.075351	4587.67	1	0.0088623	13.6036	29.5914	0	0	
2017-05-27 01:05:32	146	279	1	19	0	0	22	0	0	20	0	0	21	0	0	20.5	0	0.519		5.53909	93.583	4.65529	0	840.443	0.27951	5280.66	1	0.0088623	13.6036	29.5914	0	0	
2017-05-27 01:05:13	139	280	1	6	0	0	9	0	0	7	0	0	8	0	0	7.5	0	0.519		9.94077	94.6721	5.62806	0	566.159	0.6665	3557.28	1	0.0088623	13.7809	29.9813	0	0	
2017-05-27 01:05:26	144	282	1	14	0	0	17	0	0	15	0	0	16	0	0	15.5	0	0.519		0.493245	74.059	2.03603	0	4127.84	16.9612	25936	1	0.0088623	13.6036	29.7214	0	0	
2017-05-27 01:05:40	149	283	1	25	0	0	28	0	0	26	0	0	27	0	0	26.5	0	0.519		0.426284	45.5042	2.48994	0	5841.03	50.0752	36700.3	1	0.0088623	13.8163	29.4615	0	0	
2017-05-27 01:05:19	141	285	1	8	0	0	11	0	0	9	0	0	10	0	0	9.5	0	0.519		9.97114	94.4021	5.91053	0	592.764	0.200944	3724.44	1	0.0088623	13.6391	29.8513	0	0	
