Time	MeasID	DPID	Channel	A(x)	A(y)	A(z)	B(x)	B(y)	B(z)	M(x)	M(y)	M(z)	N(x)	N(y)	N(z)	F(x)	F(y)	F(z)	Note	I(mA)	Uout(V)	U(V)	SP(V)	R(O)	Var(%)	Rho-a(Om)	Cycles	Pint(V)	Pext(V)	T int(°C)	Latitude	Longitude	
2017-05-24 17:45:29	897	1771	1	20	0	0	23	0	0	21	0	0	22	0	0	21.5	0	0.519		1.02824	81.7019	3.43938	0	3344.92	0.448886	21016.8	1	0.0088623	13.6479	29.8513	0	0	
2017-05-24 17:45:13	890	1772	1	7	0	0	10	0	0	8	0	0	9	0	0	8.5	0	0.519		1.36444	83.7471	4.64404	0	3403.62	0.230954	21385.6	1	0.0088623	13.6036	30.2411	0	0	
2017-05-24 17:45:04	886	1773	1	0	0	0	3	0	0	1	0	0	2	0	0	1.5	0	0.519		0.571391	80.5275	2.25418	0	3945.08	0.630131	24787.7	1	0.0088623	13.7454	30.3711	0	0	
2017-05-24 17:45:06	887	1774	1	1	0	0	4	0	0	2	0	0	3	0	0	2.5	0	0.519		0.487141	73.6363	1.75737	0	3607.52	1.1411	22666.7	1	0.0088623	13.5505	30.2411	0	0	
2017-05-24 17:45:24	895	1775	1	18	0	0	21	0	0	19	0	0	20	0	0	19.5	0	0.519		0.909156	80.3251	3.13076	0	3443.59	0.0233958	21636.7	1	0.0088623	13.7897	29.9813	0	0	
2017-05-24 17:45:20	893	1776	1	13	0	0	16	0	0	14	0	0	15	0	0	14.5	0	0.519		0.471776	80.5998	5.8459	0	12391.2	1.3727	77856.5	1	0.0088623	13.8163	30.1112	0	0	
2017-05-24 17:45:27	896	1779	1	19	0	0	22	0	0	20	0	0	21	0	0	20.5	0	0.519		0.87572	79.8021	3.72522	0	4253.9	0.271158	26728	1	0.0088623	13.6036	29.9813	0	0	
2017-05-24 17:45:10	889	1780	1	6	0	0	9	0	0	7	0	0	8	0	0	7.5	0	0.519		1.25462	83.25	4.25442	0	3391.01	0.167833	21306.3	1	0.0088623	13.7809	30.2411	0	0	
2017-05-24 17:45:15	891	1785	1	8	0	0	11	0	0	9	0	0	10	0	0	9.5	0	0.519		1.41222	84.5832	5.03652	0	3566.39	0.237339	22408.3	1	0.0088623	13.6036	30.2411	0	0	
