Time	MeasID	DPID	Channel	A(x)	A(y)	A(z)	B(x)	B(y)	B(z)	M(x)	M(y)	M(z)	N(x)	N(y)	N(z)	F(x)	F(y)	F(z)	Note	I(mA)	Uout(V)	U(V)	SP(V)	R(O)	Var(%)	Rho-a(Om)	Cycles	Pint(V)	Pext(V)	T int(°C)	Latitude	Longitude	
2017-05-24 22:05:35	12	1	1	20	0	0	23	0	0	21	0	0	22	0	0	21.5	0	0.519		2.17215	90.7865	4.39293	0	2022.39	0.0397273	12707.1	1	0.0088623	13.6391	29.5914	0	0	
2017-05-24 22:05:15	5	2	1	7	0	0	10	0	0	8	0	0	9	0	0	8.5	0	0.519		3.01548	92.2467	5.81753	0	1929.22	0.173114	12121.6	1	0.0088623	13.5505	30.1112	0	0	
2017-05-24 22:05:29	10	5	1	18	0	0	21	0	0	19	0	0	20	0	0	19.5	0	0.519		1.95515	90.3585	3.99462	0	2043.13	0.0610469	12837.3	1	0.0088623	13.6036	29.7214	0	0	
2017-05-24 22:05:32	11	9	1	19	0	0	22	0	0	20	0	0	21	0	0	20.5	0	0.519		1.87837	89.0962	5.67705	0	3022.32	0.65704	18989.8	1	0.0088623	13.6036	29.7214	0	0	
2017-05-24 22:05:13	4	10	1	6	0	0	9	0	0	7	0	0	8	0	0	7.5	0	0.519		2.85776	91.8736	5.44279	0	1904.56	0.0779989	11966.7	1	0.0088623	13.7277	30.1112	0	0	
2017-05-24 22:05:43	15	11	1	26	0	0	29	0	0	27	0	0	28	0	0	27.5	0	0.519		1.44092	83.964	3.34224	0	2319.52	5.75798	14574	1	0.0088623	13.5948	29.4615	0	0	
2017-05-24 22:05:27	9	12	1	14	0	0	17	0	0	15	0	0	16	0	0	15.5	0	0.519		1.10036	76.903	2.45812	0	2233.93	1.6611	14036.2	1	0.0088623	13.6745	29.7214	0	0	
2017-05-24 22:05:41	14	13	1	25	0	0	28	0	0	26	0	0	27	0	0	26.5	0	0.519		0.962977	79.4424	2.38012	0	2471.63	0.985337	15529.7	1	0.0088623	13.8163	29.5914	0	0	
2017-05-24 22:05:18	6	15	1	8	0	0	11	0	0	9	0	0	10	0	0	9.5	0	0.519		3.09295	92.2585	6.20964	0	2007.67	0.0488446	12614.6	1	0.0088623	13.6391	29.9813	0	0	
