Time	MeasID	DPID	Channel	A(x)	A(y)	A(z)	B(x)	B(y)	B(z)	M(x)	M(y)	M(z)	N(x)	N(y)	N(z)	F(x)	F(y)	F(z)	Note	I(mA)	Uout(V)	U(V)	SP(V)	R(O)	Var(%)	Rho-a(Om)	Cycles	Pint(V)	Pext(V)	T int(°C)	Latitude	Longitude	
2017-05-24 03:25:33	252	481	1	20	0	0	23	0	0	21	0	0	22	0	0	21.5	0	0.519		2.62409	92.2375	4.5082	0	1718	0.0353815	10794.5	1	0.0088623	13.6568	29.7214	0	0	
2017-05-24 03:25:15	245	482	1	7	0	0	10	0	0	8	0	0	9	0	0	8.5	0	0.519		3.97663	93.3937	5.97062	0	1501.43	0.164674	9433.75	1	0.0088623	13.6036	29.9813	0	0	
2017-05-24 03:25:28	250	485	1	18	0	0	21	0	0	19	0	0	20	0	0	19.5	0	0.519		2.48873	91.8702	4.34914	0	1747.53	0.0513589	10980.1	1	0.0088623	13.6036	29.9813	0	0	
2017-05-24 03:25:31	251	489	1	19	0	0	22	0	0	20	0	0	21	0	0	20.5	0	0.519		2.32542	90.9773	4.71434	0	2027.31	0.160766	12738	1	0.0088623	13.6745	29.7214	0	0	
2017-05-24 03:25:12	244	490	1	6	0	0	9	0	0	7	0	0	8	0	0	7.5	0	0.519		3.66896	93.2899	5.49817	0	1498.56	0.156557	9415.75	1	0.0088623	13.6036	30.2411	0	0	
2017-05-24 03:25:26	249	492	1	14	0	0	17	0	0	15	0	0	16	0	0	15.5	0	0.519		0.741333	68.9637	1.42981	0	1928.7	20.2964	12118.4	1	0.0088623	13.8163	29.9813	0	0	
2017-05-24 03:25:39	254	493	1	25	0	0	28	0	0	26	0	0	27	0	0	26.5	0	0.519		0.710965	73.4684	1.36961	0	1926.41	19.7571	12104	1	0.0088623	13.8341	29.7214	0	0	
2017-05-24 03:25:09	243	494	1	2	0	0	5	0	0	3	0	0	4	0	0	3.5	0	0.519		1.20093	75.3103	2.20085	0	1832.62	8.48768	11514.7	1	0.0088623	13.6036	30.2411	0	0	
2017-05-24 03:25:17	246	495	1	8	0	0	11	0	0	9	0	0	10	0	0	9.5	0	0.519		3.96902	93.5586	6.50241	0	1638.29	0.103991	10293.7	1	0.0088623	13.6745	30.1112	0	0	
