Time	MeasID	DPID	Channel	A(x)	A(y)	A(z)	B(x)	B(y)	B(z)	M(x)	M(y)	M(z)	N(x)	N(y)	N(z)	F(x)	F(y)	F(z)	Note	I(mA)	Uout(V)	U(V)	SP(V)	R(O)	Var(%)	Rho-a(Om)	Cycles	Pint(V)	Pext(V)	T int(°C)	Latitude	Longitude	
2017-05-23 06:25:35	387	751	1	20	0	0	23	0	0	21	0	0	22	0	0	21.5	0	0.519		5.19843	95.2551	5.22389	0	1004.9	0.242301	6313.97	1	0.0088623	13.71	29.5914	0	0	
2017-05-23 06:25:15	380	752	1	7	0	0	10	0	0	8	0	0	9	0	0	8.5	0	0.519		9.02091	94.7294	7.03633	0	780.002	0.0656815	4900.9	1	0.0088623	13.8163	30.1112	0	0	
2017-05-23 06:25:03	376	753	1	0	0	0	3	0	0	1	0	0	2	0	0	1.5	0	0.519		9.98231	83.0321	9.38611	0	940.275	0.188903	5907.92	1	0.0088623	13.7986	30.1112	0	0	
2017-05-23 06:25:29	385	755	1	18	0	0	21	0	0	19	0	0	20	0	0	19.5	0	0.519		4.71804	95.3238	4.86768	0	1031.72	0.261816	6482.48	1	0.0088623	13.8518	29.7214	0	0	
2017-05-23 06:25:37	388	757	1	24	0	0	27	0	0	25	0	0	26	0	0	25.5	0	0.519		9.8937	91.2284	11.5649	0	1168.92	1.49257	7344.54	1	0.0088623	13.6745	29.5914	0	0	
2017-05-23 06:25:32	386	759	1	19	0	0	22	0	0	20	0	0	21	0	0	20.5	0	0.519		5.10634	95.1892	6.10182	0	1194.95	0.602797	7508.08	1	0.0088623	13.6391	29.7214	0	0	
2017-05-23 06:25:43	390	761	1	26	0	0	29	0	0	27	0	0	28	0	0	27.5	0	0.519		9.98231	87.0968	10.7696	0	1078.87	0.274185	6778.72	1	0.0088623	13.7986	29.4615	0	0	
2017-05-23 06:25:09	378	764	1	2	0	0	5	0	0	3	0	0	4	0	0	3.5	0	0.519		9.98647	78.5187	9.30641	0	931.902	0.237125	5855.31	1	0.0088623	13.6391	30.1112	0	0	
2017-05-23 06:25:18	381	765	1	8	0	0	11	0	0	9	0	0	10	0	0	9.5	0	0.519		9.25434	95.2972	7.75125	0	837.58	0.384062	5262.67	1	0.0088623	13.6923	29.9813	0	0	
