Time	MeasID	DPID	Channel	A(x)	A(y)	A(z)	B(x)	B(y)	B(z)	M(x)	M(y)	M(z)	N(x)	N(y)	N(z)	F(x)	F(y)	F(z)	Note	I(mA)	Uout(V)	U(V)	SP(V)	R(O)	Var(%)	Rho-a(Om)	Cycles	Pint(V)	Pext(V)	T int(°C)	Latitude	Longitude	
2017-06-08 06:25:43	387	751	1	20	0	0	23	0	0	21	0	0	22	0	0	21.5	0	0.519		50.0228	373.79	16.9322	0	338.491	1.0161	2126.8	2	0.0088623	13.2048	29.7214	0	0	
2017-06-08 06:25:18	380	752	1	7	0	0	10	0	0	8	0	0	9	0	0	8.5	0	0.519		50.0075	435.127	24.7231	0	494.388	0.571803	3106.33	2	0.0088623	12.9656	30.1112	0	0	
2017-06-08 06:25:07	377	754	1	1	0	0	4	0	0	2	0	0	3	0	0	2.5	0	0.519		35.5849	536.284	18.5777	0	522.067	0.991854	3280.25	2	0.0088623	13.1694	29.9813	0	0	
2017-06-08 06:25:29	383	756	1	13	0	0	16	0	0	14	0	0	15	0	0	14.5	0	0.519		49.9909	473.482	413.565	0	8272.82	2.88475	51979.6	2	0.0088623	13.1605	29.9813	0	0	
2017-06-08 06:25:47	388	757	1	24	0	0	27	0	0	25	0	0	26	0	0	25.5	0	0.519		40.5963	567.043	4.59672	0	113.23	0.9418	711.446	2	0.0088623	13.2314	29.7214	0	0	
2017-06-08 06:25:25	382	758	1	12	0	0	15	0	0	13	0	0	14	0	0	13.5	0	0.519		49.974	497.19	1.16239	0	23.26	1.28841	146.147	2	0.0088623	13.001	29.9813	0	0	
2017-06-08 06:25:14	379	760	1	6	0	0	9	0	0	7	0	0	8	0	0	7.5	0	0.519		49.9957	464.248	114.463	0	2289.45	1.92685	14385	2	0.0088623	13.2314	30.1112	0	0	
2017-06-08 06:25:33	384	762	1	14	0	0	17	0	0	15	0	0	16	0	0	15.5	0	0.519		50.0003	420.1	2.20034	0	44.0066	0.902297	276.502	2	0.0088623	13.2314	29.7214	0	0	
2017-06-08 06:25:21	381	765	1	8	0	0	11	0	0	9	0	0	10	0	0	9.5	0	0.519		50.0388	314.149	219.679	0	4390.16	2.49591	27584.2	2	0.0088623	13.2137	30.1112	0	0	
