Time	MeasID	DPID	Channel	A(x)	A(y)	A(z)	B(x)	B(y)	B(z)	M(x)	M(y)	M(z)	N(x)	N(y)	N(z)	F(x)	F(y)	F(z)	Note	I(mA)	Uout(V)	U(V)	SP(V)	R(O)	Var(%)	Rho-a(Om)	Cycles	Pint(V)	Pext(V)	T int(°C)	Latitude	Longitude	
2017-06-08 03:25:42	252	481	1	20	0	0	23	0	0	21	0	0	22	0	0	21.5	0	0.519		50.0302	359.711	16.1797	0	323.399	0.232201	2031.97	2	0.0088623	13.1694	29.7214	0	0	
2017-06-08 03:25:18	245	482	1	7	0	0	10	0	0	8	0	0	9	0	0	8.5	0	0.519		50.0083	431.797	7.20343	0	144.045	13.3496	905.06	2	0.0088623	12.939	29.9813	0	0	
2017-06-08 03:25:07	242	484	1	1	0	0	4	0	0	2	0	0	3	0	0	2.5	0	0.519		34.3282	541.282	6.02737	0	175.58	1.70356	1103.2	2	0.0088623	13.2491	29.9813	0	0	
2017-06-08 03:25:28	248	486	1	13	0	0	16	0	0	14	0	0	15	0	0	14.5	0	0.519		49.9875	449.467	402.145	0	8044.91	4.0398	50547.7	2	0.0088623	13.1073	29.7214	0	0	
2017-06-08 03:25:24	247	488	1	12	0	0	15	0	0	13	0	0	14	0	0	13.5	0	0.519		49.9905	476.389	0.312624	0	6.25368	9.60601	39.293	2	0.0088623	13.1428	29.9813	0	0	
2017-06-08 03:25:14	244	490	1	6	0	0	9	0	0	7	0	0	8	0	0	7.5	0	0.519		50.0016	462.657	114.217	0	2284.27	1.83566	14352.5	2	0.0088623	13.1605	30.1112	0	0	
2017-06-08 03:25:31	249	492	1	14	0	0	17	0	0	15	0	0	16	0	0	15.5	0	0.519		49.9926	457.063	6.42881E-5	0	0.00128595	0.950285	0.00807988	2	0.0088623	13.1694	29.7214	0	0	
2017-06-08 03:25:10	243	494	1	2	0	0	5	0	0	3	0	0	4	0	0	3.5	0	0.519		44.9081	523.626	236.074	0	5256.83	2.1217	33029.6	2	0.0088623	12.9833	30.1112	0	0	
2017-06-08 03:25:21	246	495	1	8	0	0	11	0	0	9	0	0	10	0	0	9.5	0	0.519		50.0361	305.939	220.151	0	4399.84	2.34885	27645	2	0.0088623	13.1517	29.9813	0	0	
