Time	MeasID	DPID	Channel	A(x)	A(y)	A(z)	B(x)	B(y)	B(z)	M(x)	M(y)	M(z)	N(x)	N(y)	N(z)	F(x)	F(y)	F(z)	Note	I(mA)	Uout(V)	U(V)	SP(V)	R(O)	Var(%)	Rho-a(Om)	Cycles	Pint(V)	Pext(V)	T int(°C)	Latitude	Longitude	
2017-06-08 19:05:42	957	1891	1	20	0	0	23	0	0	21	0	0	22	0	0	21.5	0	0.519		49.993	454.204	19.8381	0	396.817	2.51061	2493.28	2	0.0088623	12.9833	29.8513	0	0	
2017-06-08 19:05:16	950	1892	1	7	0	0	10	0	0	8	0	0	9	0	0	8.5	0	0.519		49.9713	532.82	3.20536	0	64.144	8.40606	403.029	2	0.0088623	13.0364	30.2411	0	0	
2017-06-08 19:05:27	953	1896	1	13	0	0	16	0	0	14	0	0	15	0	0	14.5	0	0.519		43.1047	493.878	434.322	0	10076	3.11813	63309.2	2	0.0088623	13.0542	29.9813	0	0	
2017-06-08 19:05:46	958	1897	1	24	0	0	27	0	0	25	0	0	26	0	0	25.5	0	0.519		22.4253	559.705	4.95659	0	221.027	0.493228	1388.75	2	0.0088623	12.7794	29.7214	0	0	
2017-06-08 19:05:38	956	1899	1	19	0	0	22	0	0	20	0	0	21	0	0	20.5	0	0.519		27.4084	555.237	161.755	0	5901.67	0.576455	37081.3	2	0.0088623	12.9833	29.8513	0	0	
2017-06-08 19:05:12	949	1900	1	6	0	0	9	0	0	7	0	0	8	0	0	7.5	0	0.519		46.9449	558.238	142.662	0	3038.92	1.50631	19094.1	2	0.0088623	13.0187	30.1112	0	0	
2017-06-08 19:05:53	960	1901	1	26	0	0	29	0	0	27	0	0	28	0	0	27.5	0	0.519		9.94709	334.5	7.68807	0	772.897	0.93858	4856.26	2	0.0088623	13.0364	29.7214	0	0	
2017-06-08 19:05:09	948	1904	1	2	0	0	5	0	0	3	0	0	4	0	0	3.5	0	0.519		32.1592	510.765	259.202	0	8059.97	3.13218	50642.3	2	0.0088623	13.1073	30.2411	0	0	
2017-06-08 19:05:19	951	1905	1	8	0	0	11	0	0	9	0	0	10	0	0	9.5	0	0.519		50.0325	364.795	262.434	0	5245.27	1.68087	32957	2	0.0088623	13.0187	30.2411	0	0	
