Time	MeasID	DPID	Channel	A(x)	A(y)	A(z)	B(x)	B(y)	B(z)	M(x)	M(y)	M(z)	N(x)	N(y)	N(z)	F(x)	F(y)	F(z)	Note	I(mA)	Uout(V)	U(V)	SP(V)	R(O)	Var(%)	Rho-a(Om)	Cycles	Pint(V)	Pext(V)	T int(°C)	Latitude	Longitude	
2017-06-08 02:25:44	207	391	1	20	0	0	23	0	0	21	0	0	22	0	0	21.5	0	0.519		50.0262	363.932	8.00785	0	160.073	1.34611	1005.77	2	0.0088623	12.9301	29.4615	0	0	
2017-06-08 02:25:18	200	392	1	7	0	0	10	0	0	8	0	0	9	0	0	8.5	0	0.519		50.009	424.108	15.8466	0	316.874	0.684228	1990.98	2	0.0088623	12.9301	29.9813	0	0	
2017-06-08 02:25:07	197	394	1	1	0	0	4	0	0	2	0	0	3	0	0	2.5	0	0.519		33.2326	531.988	5.66938	0	170.597	2.34614	1071.89	2	0.0088623	13.2403	30.1112	0	0	
2017-06-08 02:25:29	203	396	1	13	0	0	16	0	0	14	0	0	15	0	0	14.5	0	0.519		49.9881	465.833	413.028	0	8262.52	3.70023	51914.9	2	0.0088623	13.1073	29.8513	0	0	
2017-06-08 02:25:47	208	397	1	24	0	0	27	0	0	25	0	0	26	0	0	25.5	0	0.519		40.8925	567.329	18.3634	0	449.066	0.918063	2821.56	2	0.0088623	13.1428	29.7214	0	0	
2017-06-08 02:25:25	202	398	1	12	0	0	15	0	0	13	0	0	14	0	0	13.5	0	0.519		49.9849	485.733	0.381722	0	7.63675	7.95914	47.9831	2	0.0088623	12.9656	29.7214	0	0	
2017-06-08 02:25:14	199	400	1	6	0	0	9	0	0	7	0	0	8	0	0	7.5	0	0.519		50.0025	460.744	119.486	0	2389.61	1.64256	15014.3	2	0.0088623	13.196	30.1112	0	0	
2017-06-08 02:25:32	204	402	1	14	0	0	17	0	0	15	0	0	16	0	0	15.5	0	0.519		50.0007	440.029	6.664E-5	0	0.00133278	0.543257	0.00837412	2	0.0088623	12.9567	29.7214	0	0	
2017-06-08 02:25:22	201	405	1	8	0	0	11	0	0	9	0	0	10	0	0	9.5	0	0.519		50.0414	308.106	216.55	0	4327.43	2.00052	27190	2	0.0088623	13.1428	29.9813	0	0	
