Time	MeasID	DPID	Channel	A(x)	A(y)	A(z)	B(x)	B(y)	B(z)	M(x)	M(y)	M(z)	N(x)	N(y)	N(z)	F(x)	F(y)	F(z)	Note	I(mA)	Uout(V)	U(V)	SP(V)	R(O)	Var(%)	Rho-a(Om)	Cycles	Pint(V)	Pext(V)	T int(°C)	Latitude	Longitude	
2017-06-08 20:45:38	1032	2041	1	20	0	0	23	0	0	21	0	0	22	0	0	21.5	0	0.519		49.9826	473.361	19.6584	0	393.305	1.74886	2471.21	2	0.0088623	12.8503	29.7214	0	0	
2017-06-08 20:45:16	1025	2042	1	7	0	0	10	0	0	8	0	0	9	0	0	8.5	0	0.519		49.9778	550.393	1.40597	0	28.1319	11.4933	176.758	2	0.0088623	13.001	30.1112	0	0	
2017-06-08 20:45:06	1022	2044	1	1	0	0	4	0	0	2	0	0	3	0	0	2.5	0	0.519		28.3026	548.458	19.1892	0	678.001	0.982967	4260.01	2	0.0088623	13.1694	29.9813	0	0	
2017-06-08 20:45:25	1028	2046	1	13	0	0	16	0	0	14	0	0	15	0	0	14.5	0	0.519		41.5134	525.257	459.056	0	11058	1.97117	69479.6	2	0.0088623	13.0542	29.9813	0	0	
2017-06-08 20:45:42	1033	2047	1	24	0	0	27	0	0	25	0	0	26	0	0	25.5	0	0.519		17.888	535.034	5.2102	0	291.268	2.69746	1830.09	2	0.0088623	12.9478	29.5914	0	0	
2017-06-08 20:45:35	1031	2049	1	19	0	0	22	0	0	20	0	0	21	0	0	20.5	0	0.519		25.7691	548.319	153.666	0	5963.2	0.1841	37467.9	2	0.0088623	12.9656	29.7214	0	0	
2017-06-08 20:45:12	1024	2050	1	6	0	0	9	0	0	7	0	0	8	0	0	7.5	0	0.519		44.8668	557.768	139.213	0	3102.82	1.55903	19495.6	2	0.0088623	13.0896	30.1112	0	0	
2017-06-08 20:45:28	1029	2052	1	14	0	0	17	0	0	15	0	0	16	0	0	15.5	0	0.519		43.4393	478.02	2.19319	0	50.4888	0.0901042	317.23	2	0.0088623	12.9833	29.7214	0	0	
2017-06-08 20:45:19	1026	2055	1	8	0	0	11	0	0	9	0	0	10	0	0	9.5	0	0.519		50.0324	376.821	278.497	0	5566.32	1.32235	34974.2	2	0.0088623	13.001	29.8513	0	0	
