Time	MeasID	DPID	Channel	A(x)	A(y)	A(z)	B(x)	B(y)	B(z)	M(x)	M(y)	M(z)	N(x)	N(y)	N(z)	F(x)	F(y)	F(z)	Note	I(mA)	Uout(V)	U(V)	SP(V)	R(O)	Var(%)	Rho-a(Om)	Cycles	Pint(V)	Pext(V)	T int(°C)	Latitude	Longitude	
2017-06-08 18:45:40	942	1861	1	20	0	0	23	0	0	21	0	0	22	0	0	21.5	0	0.519		50	430.524	18.7876	0	375.751	0.918098	2360.91	2	0.0088623	13.0187	29.7214	0	0	
2017-06-08 18:45:16	935	1862	1	7	0	0	10	0	0	8	0	0	9	0	0	8.5	0	0.519		49.9695	530.685	2.60637	0	52.1591	1.52122	327.725	2	0.0088623	13.0364	29.8513	0	0	
2017-06-08 18:45:26	938	1866	1	13	0	0	16	0	0	14	0	0	15	0	0	14.5	0	0.519		43.3795	496.188	435.23	0	10033.1	3.77631	63039.7	2	0.0088623	13.001	29.9813	0	0	
2017-06-08 18:45:44	943	1867	1	24	0	0	27	0	0	25	0	0	26	0	0	25.5	0	0.519		22.4357	521.725	5.6353	0	251.176	0.354311	1578.19	2	0.0088623	12.806	29.5914	0	0	
2017-06-08 18:45:37	941	1869	1	19	0	0	22	0	0	20	0	0	21	0	0	20.5	0	0.519		27.2188	547.778	151.699	0	5573.33	4.89756	35018.3	2	0.0088623	13.0276	29.7214	0	0	
2017-06-08 18:45:12	934	1870	1	6	0	0	9	0	0	7	0	0	8	0	0	7.5	0	0.519		46.7076	551.261	142.354	0	3047.78	2.45756	19149.8	2	0.0088623	12.8947	30.1112	0	0	
2017-06-08 18:45:52	945	1871	1	26	0	0	29	0	0	27	0	0	28	0	0	27.5	0	0.519		9.9862	327.402	7.91844	0	792.938	0.323525	4982.18	2	0.0088623	12.9656	29.5914	0	0	
2017-06-08 18:45:09	933	1874	1	2	0	0	5	0	0	3	0	0	4	0	0	3.5	0	0.519		33.4589	523.62	271.219	0	8106.04	2.49044	50931.8	2	0.0088623	13.0985	30.1112	0	0	
2017-06-08 18:45:19	936	1875	1	8	0	0	11	0	0	9	0	0	10	0	0	9.5	0	0.519		50.0331	362.911	255.729	0	5111.2	2.6894	32114.6	2	0.0088623	12.9833	29.9813	0	0	
