Time	MeasID	DPID	Channel	A(x)	A(y)	A(z)	B(x)	B(y)	B(z)	M(x)	M(y)	M(z)	N(x)	N(y)	N(z)	F(x)	F(y)	F(z)	Note	I(mA)	Uout(V)	U(V)	SP(V)	R(O)	Var(%)	Rho-a(Om)	Cycles	Pint(V)	Pext(V)	T int(°C)	Latitude	Longitude	
2017-06-09 02:45:37	222	421	1	20	0	0	23	0	0	21	0	0	22	0	0	21.5	0	0.519		49.965	543.376	20.1274	0	402.831	1.93162	2531.06	2	0.0088623	12.9301	29.5914	0	0	
2017-06-09 02:45:15	215	422	1	7	0	0	10	0	0	8	0	0	9	0	0	8.5	0	0.519		42.9803	555.06	1.2625	0	29.3739	5.24406	184.562	2	0.0088623	12.8947	29.9813	0	0	
2017-06-09 02:45:05	212	424	1	1	0	0	4	0	0	2	0	0	3	0	0	2.5	0	0.519		21.7159	557.146	18.13	0	834.872	1.49176	5245.65	2	0.0088623	13.2226	29.9813	0	0	
2017-06-09 02:45:41	223	427	1	24	0	0	27	0	0	25	0	0	26	0	0	25.5	0	0.519		9.94676	474.451	5.54607	0	557.576	2.03657	3503.35	2	0.0088623	12.8415	29.7214	0	0	
2017-06-09 02:45:21	217	428	1	12	0	0	15	0	0	13	0	0	14	0	0	13.5	0	0.519		28.1654	539.689	3.3938	0	120.495	3.47143	757.095	2	0.0088623	13.0808	29.8513	0	0	
2017-06-09 02:45:34	221	429	1	19	0	0	22	0	0	20	0	0	21	0	0	20.5	0	0.519		20.5585	555.88	162.004	0	7880.15	1.87259	49512.4	2	0.0088623	13.0364	29.7214	0	0	
2017-06-09 02:45:12	214	430	1	6	0	0	9	0	0	7	0	0	8	0	0	7.5	0	0.519		38.3122	554.393	141.418	0	3691.19	1.43821	23192.4	2	0.0088623	12.9301	29.9813	0	0	
2017-06-09 02:45:28	219	432	1	14	0	0	17	0	0	15	0	0	16	0	0	15.5	0	0.519		24.7661	447.611	2.30944	0	93.2504	0.501642	585.909	2	0.0088623	13.1428	29.8513	0	0	
2017-06-09 02:45:18	216	435	1	8	0	0	11	0	0	9	0	0	10	0	0	9.5	0	0.519		50.0067	436.695	337.228	0	6743.64	1.85478	42371.6	2	0.0088623	12.8947	30.1112	0	0	
