Time	MeasID	DPID	Channel	A(x)	A(y)	A(z)	B(x)	B(y)	B(z)	M(x)	M(y)	M(z)	N(x)	N(y)	N(z)	F(x)	F(y)	F(z)	Note	I(mA)	Uout(V)	U(V)	SP(V)	R(O)	Var(%)	Rho-a(Om)	Cycles	Pint(V)	Pext(V)	T int(°C)	Latitude	Longitude	
2017-06-10 20:25:40	1017	2011	1	20	0	0	23	0	0	21	0	0	22	0	0	21.5	0	0.519		48.6646	498.207	7.86789	0	161.676	0.845409	1015.84	2	0.0088623	13.0187	29.8513	0	0	
2017-06-10 20:25:17	1010	2012	1	7	0	0	10	0	0	8	0	0	9	0	0	8.5	0	0.519		50.0081	435.412	2.16595	0	43.3119	3.18321	272.137	2	0.0088623	12.9833	30.1112	0	0	
2017-06-10 20:25:04	1006	2013	1	0	0	0	3	0	0	1	0	0	2	0	0	1.5	0	0.519		0.372042	481.816	0.102204	0	274.712	14.3606	1726.07	2	0.0088623	13.3732	30.1112	0	0	
2017-06-10 20:25:27	1013	2016	1	13	0	0	16	0	0	14	0	0	15	0	0	14.5	0	0.519		32.152	491.76	450.621	0	14015.3	2.71877	88060.9	2	0.0088623	12.9124	29.9813	0	0	
2017-06-10 20:25:43	1018	2017	1	24	0	0	27	0	0	25	0	0	26	0	0	25.5	0	0.519		34.1437	544.403	5.05925	0	148.175	0.538977	931.014	2	0.0088623	12.9301	29.7214	0	0	
2017-06-10 20:25:14	1009	2020	1	6	0	0	9	0	0	7	0	0	8	0	0	7.5	0	0.519		50.0195	404.683	115.586	0	2310.81	2.51442	14519.3	2	0.0088623	12.8592	29.9813	0	0	
2017-06-10 20:25:31	1014	2022	1	14	0	0	17	0	0	15	0	0	16	0	0	15.5	0	0.519		27.8675	431.642	2.25326	0	80.856	0.0694991	508.033	2	0.0088623	12.9478	29.8513	0	0	
2017-06-10 20:25:10	1008	2024	1	2	0	0	5	0	0	3	0	0	4	0	0	3.5	0	0.519		35.2064	521.125	291.191	0	8270.95	2.24792	51967.9	2	0.0088623	13.0364	29.9813	0	0	
2017-06-10 20:25:20	1011	2025	1	8	0	0	11	0	0	9	0	0	10	0	0	9.5	0	0.519		50.0344	340.204	228.44	0	4565.66	2.1243	28686.9	2	0.0088623	12.9656	30.1112	0	0	
