Time	MeasID	DPID	Channel	A(x)	A(y)	A(z)	B(x)	B(y)	B(z)	M(x)	M(y)	M(z)	N(x)	N(y)	N(z)	F(x)	F(y)	F(z)	Note	I(mA)	Uout(V)	U(V)	SP(V)	R(O)	Var(%)	Rho-a(Om)	Cycles	Pint(V)	Pext(V)	T int(°C)	Latitude	Longitude	
2017-06-08 09:05:39	507	991	1	20	0	0	23	0	0	21	0	0	22	0	0	21.5	0	0.519		50.0199	382.492	16.6163	0	332.193	0.531289	2087.23	2	0.0088623	13.1073	29.5914	0	0	
2017-06-08 09:05:16	500	992	1	7	0	0	10	0	0	8	0	0	9	0	0	8.5	0	0.519		49.9943	452.471	2.33421	0	46.6896	3.85276	293.36	2	0.0088623	13.1605	29.8513	0	0	
2017-06-08 09:05:26	503	996	1	13	0	0	16	0	0	14	0	0	15	0	0	14.5	0	0.519		49.9892	489.65	420.733	0	8416.48	3.46133	52882.3	2	0.0088623	13.2137	29.7214	0	0	
2017-06-08 09:05:22	502	998	1	12	0	0	15	0	0	13	0	0	14	0	0	13.5	0	0.519		49.9759	494.686	1.64405	0	32.8968	5.73555	206.697	2	0.0088623	13.1073	29.7214	0	0	
2017-06-08 09:05:35	506	999	1	19	0	0	22	0	0	20	0	0	21	0	0	20.5	0	0.519		45.4723	564.446	177.086	0	3894.36	3.65758	24469	2	0.0088623	12.9921	29.7214	0	0	
2017-06-08 09:05:12	499	1000	1	6	0	0	9	0	0	7	0	0	8	0	0	7.5	0	0.519		49.9948	469.899	132.105	0	2642.37	1.23809	16602.5	2	0.0088623	13.0719	29.8513	0	0	
2017-06-08 09:05:29	504	1002	1	14	0	0	17	0	0	15	0	0	16	0	0	15.5	0	0.519		49.9971	433.719	2.24843	0	44.9711	0.678903	282.562	2	0.0088623	13.2048	29.7214	0	0	
2017-06-08 09:05:09	498	1004	1	2	0	0	5	0	0	3	0	0	4	0	0	3.5	0	0.519		42.6656	516.67	240.359	0	5633.54	3.51449	35396.6	2	0.0088623	13.196	29.9813	0	0	
2017-06-08 09:05:19	501	1005	1	8	0	0	11	0	0	9	0	0	10	0	0	9.5	0	0.519		50.0374	318.03	226.669	0	4529.99	1.80752	28462.8	2	0.0088623	13.1694	29.8513	0	0	
