Time	MeasID	DPID	Channel	A(x)	A(y)	A(z)	B(x)	B(y)	B(z)	M(x)	M(y)	M(z)	N(x)	N(y)	N(z)	F(x)	F(y)	F(z)	Note	I(mA)	Uout(V)	U(V)	SP(V)	R(O)	Var(%)	Rho-a(Om)	Cycles	Pint(V)	Pext(V)	T int(°C)	Latitude	Longitude	
2017-06-08 00:25:42	117	211	1	20	0	0	23	0	0	21	0	0	22	0	0	21.5	0	0.519		50.0311	354.765	15.9647	0	319.096	0.202041	2004.94	2	0.0088623	13.1428	29.7214	0	0	
2017-06-08 00:25:17	110	212	1	7	0	0	10	0	0	8	0	0	9	0	0	8.5	0	0.519		50.0032	424.376	17.2649	0	345.276	3.12162	2169.43	2	0.0088623	13.1428	30.2411	0	0	
2017-06-08 00:25:28	113	216	1	13	0	0	16	0	0	14	0	0	15	0	0	14.5	0	0.519		49.9894	459.339	405.027	0	8102.26	4.27465	50908	2	0.0088623	12.9656	30.1112	0	0	
2017-06-08 00:25:46	118	217	1	24	0	0	27	0	0	25	0	0	26	0	0	25.5	0	0.519		41.0361	553.93	18.9376	0	461.486	0.171308	2899.6	2	0.0088623	12.9478	29.7214	0	0	
2017-06-08 00:25:24	112	218	1	12	0	0	15	0	0	13	0	0	14	0	0	13.5	0	0.519		49.974	489.866	0.264478	0	5.29232	2.69345	33.2526	2	0.0088623	13.1782	30.2411	0	0	
2017-06-08 00:25:39	116	219	1	19	0	0	22	0	0	20	0	0	21	0	0	20.5	0	0.519		43.6863	539.375	120.131	0	2749.87	2.39644	17277.9	2	0.0088623	13.3023	29.9813	0	0	
2017-06-08 00:25:13	109	220	1	6	0	0	9	0	0	7	0	0	8	0	0	7.5	0	0.519		49.9982	460.572	113.46	0	2269.28	0.633067	14258.3	2	0.0088623	13.1339	30.2411	0	0	
2017-06-08 00:25:32	114	222	1	14	0	0	17	0	0	15	0	0	16	0	0	15.5	0	0.519		49.9934	437.017	6.06448E-5	0	0.00121306	9.3755	0.00762186	2	0.0088623	13.1073	29.9813	0	0	
2017-06-08 00:25:21	111	225	1	8	0	0	11	0	0	9	0	0	10	0	0	9.5	0	0.519		50.0345	307.99	213.642	0	4269.89	1.52859	26828.5	2	0.0088623	13.1428	30.1112	0	0	
