Time	MeasID	DPID	Channel	A(x)	A(y)	A(z)	B(x)	B(y)	B(z)	M(x)	M(y)	M(z)	N(x)	N(y)	N(z)	F(x)	F(y)	F(z)	Note	I(mA)	Uout(V)	U(V)	SP(V)	R(O)	Var(%)	Rho-a(Om)	Cycles	Pint(V)	Pext(V)	T int(°C)	Latitude	Longitude	
2017-06-10 04:45:44	312	601	1	20	0	0	23	0	0	21	0	0	22	0	0	21.5	0	0.519		41.1772	513.719	22.4818	0	545.976	1.64145	3430.47	2	0.0088623	13.0719	29.7214	0	0	
2017-06-10 04:45:04	301	603	1	0	0	0	3	0	0	1	0	0	2	0	0	1.5	0	0.519		6.9649	594.76	2.1715	0	311.778	40.5339	1958.96	2	0.0088623	13.4175	30.1112	0	0	
2017-06-10 04:45:08	302	604	1	1	0	0	4	0	0	2	0	0	3	0	0	2.5	0	0.519		29.7728	579.891	36.2625	0	1217.98	12.0263	7652.77	2	0.0088623	13.0896	30.1112	0	0	
2017-06-10 04:45:49	313	607	1	24	0	0	27	0	0	25	0	0	26	0	0	25.5	0	0.519		22.6708	550.393	4.77173	0	210.479	1.12604	1322.48	2	0.0088623	13.0719	29.7214	0	0	
2017-06-10 04:45:41	311	609	1	19	0	0	22	0	0	20	0	0	21	0	0	20.5	0	0.519		26.9491	571.454	193.305	0	7172.96	1.21594	45069	2	0.0088623	13.1073	29.7214	0	0	
2017-06-10 04:45:15	304	610	1	6	0	0	9	0	0	7	0	0	8	0	0	7.5	0	0.519		49.9916	506.887	164.461	0	3289.77	1.56045	20670.2	2	0.0088623	13.063	30.1112	0	0	
2017-06-10 04:45:33	309	612	1	14	0	0	17	0	0	15	0	0	16	0	0	15.5	0	0.519		17.004	471.754	6.98079E-5	0	0.00410539	0.768898	0.0257949	2	0.0088623	12.9656	29.7214	0	0	
2017-06-10 04:45:12	303	614	1	2	0	0	5	0	0	3	0	0	4	0	0	3.5	0	0.519		33.9866	563.527	301.544	0	8872.46	1.76938	55747.3	2	0.0088623	13.1073	30.1112	0	0	
2017-06-10 04:45:22	306	615	1	8	0	0	11	0	0	9	0	0	10	0	0	9.5	0	0.519		49.9988	481.477	392.764	0	7855.47	3.39366	49357.4	2	0.0088623	13.0896	30.1112	0	0	
