Time	MeasID	DPID	Channel	A(x)	A(y)	A(z)	B(x)	B(y)	B(z)	M(x)	M(y)	M(z)	N(x)	N(y)	N(z)	F(x)	F(y)	F(z)	Note	I(mA)	Uout(V)	U(V)	SP(V)	R(O)	Var(%)	Rho-a(Om)	Cycles	Pint(V)	Pext(V)	T int(°C)	Latitude	Longitude	
2017-06-10 10:45:40	582	1141	1	20	0	0	23	0	0	21	0	0	22	0	0	21.5	0	0.519		41.7761	504.85	17.6012	0	421.321	1.59547	2647.24	2	0.0088623	12.8947	29.7214	0	0	
2017-06-10 10:45:16	575	1142	1	7	0	0	10	0	0	8	0	0	9	0	0	8.5	0	0.519		49.9795	517.999	0.209621	0	4.19414	3.90688	26.3525	2	0.0088623	13.0364	30.1112	0	0	
2017-06-10 10:45:26	578	1146	1	13	0	0	16	0	0	14	0	0	15	0	0	14.5	0	0.519		23.1517	503.937	479.862	0	20726.9	1.50774	130231	2	0.0088623	13.0719	29.8513	0	0	
2017-06-10 10:45:43	583	1147	1	24	0	0	27	0	0	25	0	0	26	0	0	25.5	0	0.519		25.2841	535.157	4.73584	0	187.305	0.497775	1176.87	2	0.0088623	13.0364	29.7214	0	0	
2017-06-10 10:45:36	581	1149	1	19	0	0	22	0	0	20	0	0	21	0	0	20.5	0	0.519		28.6898	556.61	210.525	0	7337.96	1.2432	46105.8	2	0.0088623	13.0364	29.7214	0	0	
2017-06-10 10:45:12	574	1150	1	6	0	0	9	0	0	7	0	0	8	0	0	7.5	0	0.519		49.9867	484.819	142.055	0	2841.85	1.06138	17855.9	2	0.0088623	13.0364	30.1112	0	0	
2017-06-10 10:45:30	579	1152	1	14	0	0	17	0	0	15	0	0	16	0	0	15.5	0	0.519		21.1185	480.004	7.11679E-5	0	0.00336993	1.24933	0.0211739	2	0.0088623	13.1073	29.7214	0	0	
2017-06-10 10:45:09	573	1154	1	2	0	0	5	0	0	3	0	0	4	0	0	3.5	0	0.519		28.3512	516.7	296.732	0	10466.3	2.98648	65761.7	2	0.0088623	12.9478	30.1112	0	0	
2017-06-10 10:45:19	576	1155	1	8	0	0	11	0	0	9	0	0	10	0	0	9.5	0	0.519		50.0109	414.739	318.543	0	6369.46	3.00615	40020.5	2	0.0088623	12.8769	29.9813	0	0	
