Time	MeasID	DPID	Channel	A(x)	A(y)	A(z)	B(x)	B(y)	B(z)	M(x)	M(y)	M(z)	N(x)	N(y)	N(z)	F(x)	F(y)	F(z)	Note	I(mA)	Uout(V)	U(V)	SP(V)	R(O)	Var(%)	Rho-a(Om)	Cycles	Pint(V)	Pext(V)	T int(°C)	Latitude	Longitude	
2017-06-08 14:45:41	762	1501	1	20	0	0	23	0	0	21	0	0	22	0	0	21.5	0	0.519		50.0149	406.294	9.29801	0	185.905	0.902078	1168.07	2	0.0088623	13.0985	29.7214	0	0	
2017-06-08 14:45:16	755	1502	1	7	0	0	10	0	0	8	0	0	9	0	0	8.5	0	0.519		49.9819	495.568	2.77165	0	55.4529	2.15336	348.421	2	0.0088623	12.8503	30.1112	0	0	
2017-06-08 14:45:06	752	1504	1	1	0	0	4	0	0	2	0	0	3	0	0	2.5	0	0.519		32.3295	550.686	7.79842	0	241.217	2.04464	1515.61	2	0.0088623	13.1605	30.1112	0	0	
2017-06-08 14:45:27	758	1506	1	13	0	0	16	0	0	14	0	0	15	0	0	14.5	0	0.519		46.5694	490.445	424.161	0	9108.15	3.98023	57228.2	2	0.0088623	13.2137	29.9813	0	0	
2017-06-08 14:45:44	763	1507	1	24	0	0	27	0	0	25	0	0	26	0	0	25.5	0	0.519		31.8706	552.128	4.90193	0	153.807	3.08238	966.4	2	0.0088623	13.0719	29.7214	0	0	
2017-06-08 14:45:37	761	1509	1	19	0	0	22	0	0	20	0	0	21	0	0	20.5	0	0.519		34.9282	552.708	132.412	0	3790.96	1.79239	23819.3	2	0.0088623	13.1073	29.9813	0	0	
2017-06-08 14:45:13	754	1510	1	6	0	0	9	0	0	7	0	0	8	0	0	7.5	0	0.519		49.9631	547.561	138.705	0	2776.15	2.47158	17443.1	2	0.0088623	13.0985	30.2411	0	0	
2017-06-08 14:45:30	759	1512	1	14	0	0	17	0	0	15	0	0	16	0	0	15.5	0	0.519		49.9843	453.917	2.20474	0	44.1086	0.158205	277.142	2	0.0088623	13.063	29.9813	0	0	
2017-06-08 14:45:20	756	1515	1	8	0	0	11	0	0	9	0	0	10	0	0	9.5	0	0.519		50.032	339.296	234.041	0	4677.83	1.82328	29391.7	2	0.0088623	13.0719	30.1112	0	0	
