Time	MeasID	DPID	Channel	A(x)	A(y)	A(z)	B(x)	B(y)	B(z)	M(x)	M(y)	M(z)	N(x)	N(y)	N(z)	F(x)	F(y)	F(z)	Note	I(mA)	Uout(V)	U(V)	SP(V)	R(O)	Var(%)	Rho-a(Om)	Cycles	Pint(V)	Pext(V)	T int(°C)	Latitude	Longitude	
2017-06-10 02:45:42	222	421	1	20	0	0	23	0	0	21	0	0	22	0	0	21.5	0	0.519		43.9242	524.925	23.0339	0	524.401	7.26811	3294.91	2	0.0088623	13.063	29.9813	0	0	
2017-06-10 02:45:04	211	423	1	0	0	0	3	0	0	1	0	0	2	0	0	1.5	0	0.519		9.9849	386.437	3.35528	0	336.036	1.2794	2111.37	2	0.0088623	13.3644	30.2411	0	0	
2017-06-10 02:45:08	212	424	1	1	0	0	4	0	0	2	0	0	3	0	0	2.5	0	0.519		27.3008	565.564	5.20046	0	190.488	1.30516	1196.87	2	0.0088623	13.063	30.2411	0	0	
2017-06-10 02:45:29	218	426	1	13	0	0	16	0	0	14	0	0	15	0	0	14.5	0	0.519		21.9014	502.814	473.652	0	21626.5	2.09402	135884	2	0.0088623	13.001	30.1112	0	0	
2017-06-10 02:45:46	223	427	1	24	0	0	27	0	0	25	0	0	26	0	0	25.5	0	0.519		17.0015	490.99	5.09943	0	299.941	1.97486	1884.58	2	0.0088623	12.9833	29.8513	0	0	
2017-06-10 02:45:14	214	430	1	6	0	0	9	0	0	7	0	0	8	0	0	7.5	0	0.519		49.9714	536.702	172.95	0	3460.97	1.00256	21745.9	2	0.0088623	13.0719	30.2411	0	0	
2017-06-10 02:45:54	225	431	1	26	0	0	29	0	0	27	0	0	28	0	0	27.5	0	0.519		0.52568	290.425	0.535425	0	1018.54	1.57592	6399.66	2	0.0088623	13.001	29.7214	0	0	
2017-06-10 02:45:32	219	432	1	14	0	0	17	0	0	15	0	0	16	0	0	15.5	0	0.519		19.4845	490.365	7.11839E-5	0	0.00365336	1.80733	0.0229547	2	0.0088623	13.001	30.1112	0	0	
2017-06-10 02:45:21	216	435	1	8	0	0	11	0	0	9	0	0	10	0	0	9.5	0	0.519		48.8014	509.486	437.317	0	8961.16	4.5004	56304.6	2	0.0088623	13.0364	30.2411	0	0	
