Time	MeasID	DPID	Channel	A(x)	A(y)	A(z)	B(x)	B(y)	B(z)	M(x)	M(y)	M(z)	N(x)	N(y)	N(z)	F(x)	F(y)	F(z)	Note	I(mA)	Uout(V)	U(V)	SP(V)	R(O)	Var(%)	Rho-a(Om)	Cycles	Pint(V)	Pext(V)	T int(°C)	Latitude	Longitude	
2017-06-10 10:25:40	567	1111	1	20	0	0	23	0	0	21	0	0	22	0	0	21.5	0	0.519		41.956	514.534	18.2787	0	435.664	1.29412	2737.36	2	0.0088623	12.9567	29.7214	0	0	
2017-06-10 10:25:15	560	1112	1	7	0	0	10	0	0	8	0	0	9	0	0	8.5	0	0.519		49.9787	521.106	0.581848	0	11.6419	4.74212	73.1484	2	0.0088623	12.9921	30.2411	0	0	
2017-06-10 10:25:26	563	1116	1	13	0	0	16	0	0	14	0	0	15	0	0	14.5	0	0.519		22.6257	467.671	448.913	0	19840.9	2.10455	124664	2	0.0088623	12.9833	29.9813	0	0	
2017-06-10 10:25:44	568	1117	1	24	0	0	27	0	0	25	0	0	26	0	0	25.5	0	0.519		24.7335	539.84	5.52845	0	223.521	4.30999	1404.42	2	0.0088623	12.9478	29.7214	0	0	
2017-06-10 10:25:36	566	1119	1	19	0	0	22	0	0	20	0	0	21	0	0	20.5	0	0.519		29.0255	559.444	215.279	0	7416.88	1.10138	46601.6	2	0.0088623	12.8415	29.7214	0	0	
2017-06-10 10:25:12	559	1120	1	6	0	0	9	0	0	7	0	0	8	0	0	7.5	0	0.519		49.9895	486.094	144.411	0	2888.83	1.33137	18151.1	2	0.0088623	13.001	30.2411	0	0	
2017-06-10 10:25:30	564	1122	1	14	0	0	17	0	0	15	0	0	16	0	0	15.5	0	0.519		23.6468	490.678	7.32364E-5	0	0.00309709	1.37706	0.0194596	2	0.0088623	12.9656	29.9813	0	0	
2017-06-10 10:25:08	558	1124	1	2	0	0	5	0	0	3	0	0	4	0	0	3.5	0	0.519		28.3717	514.366	289.415	0	10200.8	3.39648	64093.7	2	0.0088623	12.8947	30.2411	0	0	
2017-06-10 10:25:19	561	1125	1	8	0	0	11	0	0	9	0	0	10	0	0	9.5	0	0.519		50.002	419.512	327.025	0	6540.24	3.09884	41093.6	2	0.0088623	12.9656	29.9813	0	0	
