Time	MeasID	DPID	Channel	A(x)	A(y)	A(z)	B(x)	B(y)	B(z)	M(x)	M(y)	M(z)	N(x)	N(y)	N(z)	F(x)	F(y)	F(z)	Note	I(mA)	Uout(V)	U(V)	SP(V)	R(O)	Var(%)	Rho-a(Om)	Cycles	Pint(V)	Pext(V)	T int(°C)	Latitude	Longitude	
2017-06-10 09:45:39	537	1051	1	20	0	0	23	0	0	21	0	0	22	0	0	21.5	0	0.519		38.7532	481.38	16.6886	0	430.637	1.78848	2705.77	2	0.0088623	13.0364	29.9813	0	0	
2017-06-10 09:45:15	530	1052	1	7	0	0	10	0	0	8	0	0	9	0	0	8.5	0	0.519		49.9759	525.883	0.625486	0	12.5158	3.09202	78.6388	2	0.0088623	12.8149	30.1112	0	0	
2017-06-10 09:45:26	533	1056	1	13	0	0	16	0	0	14	0	0	15	0	0	14.5	0	0.519		22.3962	504.635	491.104	0	21928	0.30635	137778	2	0.0088623	12.9833	30.1112	0	0	
2017-06-10 09:45:43	538	1057	1	24	0	0	27	0	0	25	0	0	26	0	0	25.5	0	0.519		22.8595	536.616	4.95649	0	216.824	9.73057	1362.35	2	0.0088623	12.7883	29.7214	0	0	
2017-06-10 09:45:12	529	1060	1	6	0	0	9	0	0	7	0	0	8	0	0	7.5	0	0.519		49.9873	493.006	150.267	0	3006.1	1.13152	18887.9	2	0.0088623	12.8769	30.1112	0	0	
2017-06-10 09:45:29	534	1062	1	14	0	0	17	0	0	15	0	0	16	0	0	15.5	0	0.519		23.9498	504.623	7.19542E-5	0	0.00300437	0.696509	0.018877	2	0.0088623	12.9567	29.9813	0	0	
2017-06-10 09:45:46	539	1063	1	25	0	0	28	0	0	26	0	0	27	0	0	26.5	0	0.519		4.63997	505.867	1.33109	0	286.875	2.38057	1802.49	2	0.0088623	12.9567	29.7214	0	0	
2017-06-10 09:45:09	528	1064	1	2	0	0	5	0	0	3	0	0	4	0	0	3.5	0	0.519		28.8972	520.202	294.416	0	10188.4	3.13884	64015.6	2	0.0088623	13.0719	30.2411	0	0	
2017-06-10 09:45:19	531	1065	1	8	0	0	11	0	0	9	0	0	10	0	0	9.5	0	0.519		50.0024	419.777	338.621	0	6772.09	2.64838	42550.3	2	0.0088623	12.9921	30.1112	0	0	
