Time	MeasID	DPID	Channel	A(x)	A(y)	A(z)	B(x)	B(y)	B(z)	M(x)	M(y)	M(z)	N(x)	N(y)	N(z)	F(x)	F(y)	F(z)	Note	I(mA)	Uout(V)	U(V)	SP(V)	R(O)	Var(%)	Rho-a(Om)	Cycles	Pint(V)	Pext(V)	T int(°C)	Latitude	Longitude	
2017-06-10 21:45:40	1077	2131	1	20	0	0	23	0	0	21	0	0	22	0	0	21.5	0	0.519		49.154	497.172	15.8428	0	322.31	1.46779	2025.14	2	0.0088623	12.7883	29.7214	0	0	
2017-06-10 21:45:17	1070	2132	1	7	0	0	10	0	0	8	0	0	9	0	0	8.5	0	0.519		50.0088	429.337	22.9437	0	458.792	2.71563	2882.68	2	0.0088623	12.9656	30.2411	0	0	
2017-06-10 21:45:04	1066	2133	1	0	0	0	3	0	0	1	0	0	2	0	0	1.5	0	0.519		0.378597	480.313	0.0979779	0	258.792	10.5416	1626.04	2	0.0088623	13.4087	30.2411	0	0	
2017-06-10 21:45:28	1073	2136	1	13	0	0	16	0	0	14	0	0	15	0	0	14.5	0	0.519		31.5441	492.718	441.904	0	14009.1	2.56261	88021.7	2	0.0088623	13.0187	30.1112	0	0	
2017-06-10 21:45:44	1078	2137	1	24	0	0	27	0	0	25	0	0	26	0	0	25.5	0	0.519		35.5413	555.791	5.16136	0	145.221	1.1101	912.453	2	0.0088623	12.9212	29.7214	0	0	
2017-06-10 21:45:14	1069	2140	1	6	0	0	9	0	0	7	0	0	8	0	0	7.5	0	0.519		50.0205	404.587	105.982	0	2118.76	0.126831	13312.6	2	0.0088623	12.9921	30.2411	0	0	
2017-06-10 21:45:31	1074	2142	1	14	0	0	17	0	0	15	0	0	16	0	0	15.5	0	0.519		33.7477	446.872	2.23309	0	66.1703	0.0955406	415.76	2	0.0088623	12.939	29.9813	0	0	
2017-06-10 21:45:11	1068	2144	1	2	0	0	5	0	0	3	0	0	4	0	0	3.5	0	0.519		36.5764	523.822	296.521	0	8106.88	2.31547	50937	2	0.0088623	13.0808	30.3711	0	0	
2017-06-10 21:45:21	1071	2145	1	8	0	0	11	0	0	9	0	0	10	0	0	9.5	0	0.519		50.0332	330.493	228.008	0	4557.14	3.35529	28633.4	2	0.0088623	12.9656	30.2411	0	0	
