Time	MeasID	DPID	Channel	A(x)	A(y)	A(z)	B(x)	B(y)	B(z)	M(x)	M(y)	M(z)	N(x)	N(y)	N(z)	F(x)	F(y)	F(z)	Note	I(mA)	Uout(V)	U(V)	SP(V)	R(O)	Var(%)	Rho-a(Om)	Cycles	Pint(V)	Pext(V)	T int(°C)	Latitude	Longitude	
2017-06-07 21:25:44	552	1081	1	20	0	0	23	0	0	21	0	0	22	0	0	21.5	0	0.519		50.0322	332.405	6.13087	0	122.538	0.148226	769.931	2	0.0088623	13.0364	29.5914	0	0	
2017-06-07 21:25:18	545	1082	1	7	0	0	10	0	0	8	0	0	9	0	0	8.5	0	0.519		50.0076	420.258	10.2113	0	204.196	2.40233	1283	2	0.0088623	13.2403	29.8513	0	0	
2017-06-07 21:25:29	548	1086	1	13	0	0	16	0	0	14	0	0	15	0	0	14.5	0	0.519		49.9917	427.667	383.261	0	7666.49	3.40983	48170	2	0.0088623	13.4618	29.5914	0	0	
2017-06-07 21:25:25	547	1088	1	12	0	0	15	0	0	13	0	0	14	0	0	13.5	0	0.519		49.9715	453.593	0.332331	0	6.6504	11.0484	41.7857	2	0.0088623	13.3821	29.5914	0	0	
2017-06-07 21:25:14	544	1090	1	6	0	0	9	0	0	7	0	0	8	0	0	7.5	0	0.519		50.0001	451.079	123.033	0	2460.65	0.222005	15460.7	2	0.0088623	13.0187	29.8513	0	0	
2017-06-07 21:25:53	555	1091	1	26	0	0	29	0	0	27	0	0	28	0	0	27.5	0	0.519		5.30626	411.478	1.47642	0	278.241	3.85866	1748.24	2	0.0088623	13.4175	29.2016	0	0	
2017-06-07 21:25:32	549	1092	1	14	0	0	17	0	0	15	0	0	16	0	0	15.5	0	0.519		49.9961	409.341	5.67844E-5	0	0.00113578	1.0474	0.0071363	2	0.0088623	13.0985	29.5914	0	0	
2017-06-07 21:25:10	543	1094	1	2	0	0	5	0	0	3	0	0	4	0	0	3.5	0	0.519		41.1287	500.94	225.337	0	5478.84	2.9065	34424.5	2	0.0088623	13.2226	29.9813	0	0	
2017-06-07 21:25:21	546	1095	1	8	0	0	11	0	0	9	0	0	10	0	0	9.5	0	0.519		50.0307	304.92	205.477	0	4107.02	2.99738	25805.2	2	0.0088623	13.2048	29.8513	0	0	
