Time	MeasID	DPID	Channel	A(x)	A(y)	A(z)	B(x)	B(y)	B(z)	M(x)	M(y)	M(z)	N(x)	N(y)	N(z)	F(x)	F(y)	F(z)	Note	I(mA)	Uout(V)	U(V)	SP(V)	R(O)	Var(%)	Rho-a(Om)	Cycles	Pint(V)	Pext(V)	T int(°C)	Latitude	Longitude	
2017-06-08 19:45:41	987	1951	1	20	0	0	23	0	0	21	0	0	22	0	0	21.5	0	0.519		49.9931	451.628	18.9737	0	379.526	0.786746	2384.63	2	0.0088623	12.8503	29.5914	0	0	
2017-06-08 19:45:16	980	1952	1	7	0	0	10	0	0	8	0	0	9	0	0	8.5	0	0.519		49.9691	539.373	2.52985	0	50.6283	6.47691	318.107	2	0.0088623	13.0099	29.9813	0	0	
2017-06-08 19:45:06	977	1954	1	1	0	0	4	0	0	2	0	0	3	0	0	2.5	0	0.519		28.8565	540.525	18.1431	0	628.737	0.182803	3950.47	2	0.0088623	13.1428	29.9813	0	0	
2017-06-08 19:45:27	983	1956	1	13	0	0	16	0	0	14	0	0	15	0	0	14.5	0	0.519		37.9166	462.12	393.712	0	10383.6	3.99078	65242.2	2	0.0088623	12.8415	29.8513	0	0	
2017-06-08 19:45:46	988	1957	1	24	0	0	27	0	0	25	0	0	26	0	0	25.5	0	0.519		19.4187	515.34	13.9977	0	720.835	0.815261	4529.14	2	0.0088623	12.7794	29.4615	0	0	
2017-06-08 19:45:38	986	1959	1	19	0	0	22	0	0	20	0	0	21	0	0	20.5	0	0.519		27.1046	548.522	146.469	0	5403.85	0.345838	33953.4	2	0.0088623	12.9656	29.4615	0	0	
2017-06-08 19:45:13	979	1960	1	6	0	0	9	0	0	7	0	0	8	0	0	7.5	0	0.519		45.9838	556.055	142.434	0	3097.48	1.57102	19462	2	0.0088623	13.0985	29.9813	0	0	
2017-06-08 19:45:31	984	1962	1	14	0	0	17	0	0	15	0	0	16	0	0	15.5	0	0.519		41.9016	461.131	2.20298	0	52.5749	0.342809	330.338	2	0.0088623	12.8238	29.7214	0	0	
2017-06-08 19:45:20	981	1965	1	8	0	0	11	0	0	9	0	0	10	0	0	9.5	0	0.519		50.0334	370.761	268.124	0	5358.91	2.50702	33671	2	0.0088623	12.8415	29.9813	0	0	
