Time	MeasID	DPID	Channel	A(x)	A(y)	A(z)	B(x)	B(y)	B(z)	M(x)	M(y)	M(z)	N(x)	N(y)	N(z)	F(x)	F(y)	F(z)	Note	I(mA)	Uout(V)	U(V)	SP(V)	R(O)	Var(%)	Rho-a(Om)	Cycles	Pint(V)	Pext(V)	T int(°C)	Latitude	Longitude	
2017-06-08 03:05:43	237	451	1	20	0	0	23	0	0	21	0	0	22	0	0	21.5	0	0.519		50.0224	364.571	16.5024	0	329.901	1.58826	2072.83	2	0.0088623	13.3555	29.5914	0	0	
2017-06-08 03:05:18	230	452	1	7	0	0	10	0	0	8	0	0	9	0	0	8.5	0	0.519		50.0063	426.555	19.715	0	394.251	0.494495	2477.15	2	0.0088623	13.1251	29.8513	0	0	
2017-06-08 03:05:07	227	454	1	1	0	0	4	0	0	2	0	0	3	0	0	2.5	0	0.519		34.1489	539.501	5.92763	0	173.582	0.625469	1090.65	2	0.0088623	13.515	29.7214	0	0	
2017-06-08 03:05:29	233	456	1	13	0	0	16	0	0	14	0	0	15	0	0	14.5	0	0.519		49.9846	477.268	430.975	0	8622.17	3.4613	54174.7	2	0.0088623	13.1694	29.8513	0	0	
2017-06-08 03:05:47	238	457	1	24	0	0	27	0	0	25	0	0	26	0	0	25.5	0	0.519		41.3436	562.835	18.8199	0	455.208	0.556624	2860.15	2	0.0088623	12.9833	29.4615	0	0	
2017-06-08 03:05:25	232	458	1	12	0	0	15	0	0	13	0	0	14	0	0	13.5	0	0.519		49.9842	483.721	0.395097	0	7.90444	8.00502	49.665	2	0.0088623	13.1428	29.7214	0	0	
2017-06-08 03:05:14	229	460	1	6	0	0	9	0	0	7	0	0	8	0	0	7.5	0	0.519		50.0024	460.96	118.763	0	2375.15	2.09257	14923.5	2	0.0088623	13.2935	29.8513	0	0	
2017-06-08 03:05:33	234	462	1	14	0	0	17	0	0	15	0	0	16	0	0	15.5	0	0.519		49.9987	447.256	6.27202E-5	0	0.00125444	0.15977	0.00788186	2	0.0088623	12.9833	29.7214	0	0	
2017-06-08 03:05:22	231	465	1	8	0	0	11	0	0	9	0	0	10	0	0	9.5	0	0.519		50.0382	310.83	216.535	0	4327.39	1.92681	27189.8	2	0.0088623	13.1517	29.8513	0	0	
