Time	MeasID	DPID	Channel	A(x)	A(y)	A(z)	B(x)	B(y)	B(z)	M(x)	M(y)	M(z)	N(x)	N(y)	N(z)	F(x)	F(y)	F(z)	Note	I(mA)	Uout(V)	U(V)	SP(V)	R(O)	Var(%)	Rho-a(Om)	Cycles	Pint(V)	Pext(V)	T int(°C)	Latitude	Longitude	
2017-06-08 05:45:42	357	691	1	20	0	0	23	0	0	21	0	0	22	0	0	21.5	0	0.519		50.0305	367.037	16.4407	0	328.612	0.177952	2064.73	2	0.0088623	13.2491	29.7214	0	0	
2017-06-08 05:45:18	350	692	1	7	0	0	10	0	0	8	0	0	9	0	0	8.5	0	0.519		50.0064	433.657	24.0112	0	480.162	3.14554	3016.95	2	0.0088623	13.3466	29.9813	0	0	
2017-06-08 05:45:07	347	694	1	1	0	0	4	0	0	2	0	0	3	0	0	2.5	0	0.519		35.3449	532.109	17.9078	0	506.661	3.77656	3183.44	2	0.0088623	13.2491	29.9813	0	0	
2017-06-08 05:45:28	353	696	1	13	0	0	16	0	0	14	0	0	15	0	0	14.5	0	0.519		49.9904	469.235	409.017	0	8181.9	2.1067	51408.4	2	0.0088623	13.0719	29.5914	0	0	
2017-06-08 05:45:46	358	697	1	24	0	0	27	0	0	25	0	0	26	0	0	25.5	0	0.519		40.2021	552.169	17.8429	0	443.831	0.847573	2788.67	2	0.0088623	12.9567	29.5914	0	0	
2017-06-08 05:45:25	352	698	1	12	0	0	15	0	0	13	0	0	14	0	0	13.5	0	0.519		49.9819	480.7	1.45384	0	29.0873	6.39306	182.761	2	0.0088623	13.5682	29.9813	0	0	
2017-06-08 05:45:14	349	700	1	6	0	0	9	0	0	7	0	0	8	0	0	7.5	0	0.519		49.9925	464.553	114.864	0	2297.63	1.13678	14436.4	2	0.0088623	13.0187	29.9813	0	0	
2017-06-08 05:45:32	354	702	1	14	0	0	17	0	0	15	0	0	16	0	0	15.5	0	0.519		49.9983	418.677	2.22345	0	44.4705	0.351049	279.416	2	0.0088623	13.3732	29.8513	0	0	
2017-06-08 05:45:21	351	705	1	8	0	0	11	0	0	9	0	0	10	0	0	9.5	0	0.519		50.0391	316.347	213.5	0	4266.67	2.49734	26808.3	2	0.0088623	13.2491	29.9813	0	0	
