Time	MeasID	DPID	Channel	A(x)	A(y)	A(z)	B(x)	B(y)	B(z)	M(x)	M(y)	M(z)	N(x)	N(y)	N(z)	F(x)	F(y)	F(z)	Note	I(mA)	Uout(V)	U(V)	SP(V)	R(O)	Var(%)	Rho-a(Om)	Cycles	Pint(V)	Pext(V)	T int(°C)	Latitude	Longitude	
2017-06-07 22:45:41	42	61	1	20	0	0	23	0	0	21	0	0	22	0	0	21.5	0	0.519		50.0251	361.617	7.14406	0	142.809	0.468688	897.298	2	0.0088623	13.3909	29.7214	0	0	
2017-06-07 22:45:17	35	62	1	7	0	0	10	0	0	8	0	0	9	0	0	8.5	0	0.519		50.0093	423.109	16.0071	0	320.083	0.855904	2011.14	2	0.0088623	13.0808	29.8513	0	0	
2017-06-07 22:45:27	38	66	1	13	0	0	16	0	0	14	0	0	15	0	0	14.5	0	0.519		49.9842	456.129	403.575	0	8074.05	3.1149	50730.7	2	0.0088623	13.1517	29.8513	0	0	
2017-06-07 22:45:24	37	68	1	12	0	0	15	0	0	13	0	0	14	0	0	13.5	0	0.519		49.9847	478.607	0.35576	0	7.11738	9.88824	44.7198	2	0.0088623	13.2491	29.8513	0	0	
2017-06-07 22:45:14	34	70	1	6	0	0	9	0	0	7	0	0	8	0	0	7.5	0	0.519		50.0016	452.239	119.523	0	2390.38	1.15337	15019.2	2	0.0088623	13.1694	30.1112	0	0	
2017-06-07 22:45:50	45	71	1	26	0	0	29	0	0	27	0	0	28	0	0	27.5	0	0.519		6.62968	410.181	3.10908	0	468.963	0.789394	2946.58	2	0.0088623	13.4087	29.4615	0	0	
2017-06-07 22:45:31	39	72	1	14	0	0	17	0	0	15	0	0	16	0	0	15.5	0	0.519		49.9843	425.2	6.20688E-5	0	0.00124177	4.53073	0.00780224	2	0.0088623	13.0187	29.7214	0	0	
2017-06-07 22:45:09	33	74	1	2	0	0	5	0	0	3	0	0	4	0	0	3.5	0	0.519		43.5397	522.249	238.517	0	5478.15	2.18355	34420.3	2	0.0088623	13.001	29.9813	0	0	
2017-06-07 22:45:20	36	75	1	8	0	0	11	0	0	9	0	0	10	0	0	9.5	0	0.519		50.0375	307.111	210.28	0	4202.45	1.33551	26404.8	2	0.0088623	12.9833	29.8513	0	0	
