Time	MeasID	DPID	Channel	A(x)	A(y)	A(z)	B(x)	B(y)	B(z)	M(x)	M(y)	M(z)	N(x)	N(y)	N(z)	F(x)	F(y)	F(z)	Note	I(mA)	Uout(V)	U(V)	SP(V)	R(O)	Var(%)	Rho-a(Om)	Cycles	Pint(V)	Pext(V)	T int(°C)	Latitude	Longitude	
2017-06-10 11:45:39	627	1231	1	20	0	0	23	0	0	21	0	0	22	0	0	21.5	0	0.519		43.832	499.815	17.1183	0	390.543	1.63334	2453.86	2	0.0088623	13.0364	29.9813	0	0	
2017-06-10 11:45:16	620	1232	1	7	0	0	10	0	0	8	0	0	9	0	0	8.5	0	0.519		49.9819	511.092	0.212978	0	4.2611	12.1528	26.7733	2	0.0088623	12.9921	30.3711	0	0	
2017-06-10 11:45:26	623	1236	1	13	0	0	16	0	0	14	0	0	15	0	0	14.5	0	0.519		22.9824	490.27	477.933	0	20795.6	2.76689	130662	2	0.0088623	13.0542	30.1112	0	0	
2017-06-10 11:45:43	628	1237	1	24	0	0	27	0	0	25	0	0	26	0	0	25.5	0	0.519		29.183	559.28	5.28069	0	180.951	0.530696	1136.95	2	0.0088623	12.9212	29.7214	0	0	
2017-06-10 11:45:12	619	1240	1	6	0	0	9	0	0	7	0	0	8	0	0	7.5	0	0.519		49.9851	480.965	142.072	0	2842.3	0.945788	17858.7	2	0.0088623	12.8947	30.2411	0	0	
2017-06-10 11:45:30	624	1242	1	14	0	0	17	0	0	15	0	0	16	0	0	15.5	0	0.519		24.1589	443.066	2.2635	0	93.6923	0.215408	588.686	2	0.0088623	13.001	29.9813	0	0	
2017-06-10 11:45:46	629	1243	1	25	0	0	28	0	0	26	0	0	27	0	0	26.5	0	0.519		0.876149	468.161	0.041109	0	46.9201	45.8106	294.808	2	0.0088623	12.9656	29.8513	0	0	
2017-06-10 11:45:09	618	1244	1	2	0	0	5	0	0	3	0	0	4	0	0	3.5	0	0.519		29.3851	518.444	288.21	0	9808.03	3.18404	61625.7	2	0.0088623	12.9301	30.3711	0	0	
2017-06-10 11:45:19	621	1245	1	8	0	0	11	0	0	9	0	0	10	0	0	9.5	0	0.519		50.0079	411.414	313.498	0	6268.97	2.76167	39389.1	2	0.0088623	12.8149	30.1112	0	0	
