Time	MeasID	DPID	Channel	A(x)	A(y)	A(z)	B(x)	B(y)	B(z)	M(x)	M(y)	M(z)	N(x)	N(y)	N(z)	F(x)	F(y)	F(z)	Note	I(mA)	Uout(V)	U(V)	SP(V)	R(O)	Var(%)	Rho-a(Om)	Cycles	Pint(V)	Pext(V)	T int(°C)	Latitude	Longitude	
2017-06-10 03:25:42	252	481	1	20	0	0	23	0	0	21	0	0	22	0	0	21.5	0	0.519		42.8515	519.026	24.1242	0	562.971	0.922981	3537.25	2	0.0088623	13.1073	29.7214	0	0	
2017-06-10 03:25:17	245	482	1	7	0	0	10	0	0	8	0	0	9	0	0	8.5	0	0.519		46.1183	559.308	0.00666507	0	0.144521	123.52	0.908054	2	0.0088623	12.8415	29.9813	0	0	
2017-06-10 03:25:07	242	484	1	1	0	0	4	0	0	2	0	0	3	0	0	2.5	0	0.519		28.791	566.462	5.37246	0	186.602	0.638454	1172.46	2	0.0088623	13.196	30.1112	0	0	
2017-06-10 03:25:28	248	486	1	13	0	0	16	0	0	14	0	0	15	0	0	14.5	0	0.519		24.9911	517.914	498.006	0	19927.4	2.08681	125207	2	0.0088623	13.0719	29.9813	0	0	
2017-06-10 03:25:45	253	487	1	24	0	0	27	0	0	25	0	0	26	0	0	25.5	0	0.519		23.5248	547.759	4.57516	0	194.483	0.366154	1221.97	2	0.0088623	12.9212	29.5914	0	0	
2017-06-10 03:25:38	251	489	1	19	0	0	22	0	0	20	0	0	21	0	0	20.5	0	0.519		26.0104	573.416	190.486	0	7323.46	1.13987	46014.6	2	0.0088623	13.0896	29.7214	0	0	
2017-06-10 03:25:13	244	490	1	6	0	0	9	0	0	7	0	0	8	0	0	7.5	0	0.519		49.9821	519.981	175.285	0	3506.96	1.69621	22034.9	2	0.0088623	13.0985	30.1112	0	0	
2017-06-10 03:25:31	249	492	1	14	0	0	17	0	0	15	0	0	16	0	0	15.5	0	0.519		17.2566	471.923	6.91428E-5	0	0.00400676	0.538193	0.0251752	2	0.0088623	12.9478	29.8513	0	0	
2017-06-10 03:25:20	246	495	1	8	0	0	11	0	0	9	0	0	10	0	0	9.5	0	0.519		49.993	481.548	405.706	0	8115.25	3.12583	50989.6	2	0.0088623	13.0364	29.8513	0	0	
