Time	MeasID	DPID	Channel	A(x)	A(y)	A(z)	B(x)	B(y)	B(z)	M(x)	M(y)	M(z)	N(x)	N(y)	N(z)	F(x)	F(y)	F(z)	Note	I(mA)	Uout(V)	U(V)	SP(V)	R(O)	Var(%)	Rho-a(Om)	Cycles	Pint(V)	Pext(V)	T int(°C)	Latitude	Longitude	
2017-06-07 18:25:45	417	811	1	20	0	0	23	0	0	21	0	0	22	0	0	21.5	0	0.519		50.0315	343.743	12.4495	0	248.832	0.430127	1563.46	2	0.0088623	13.0187	29.7214	0	0	
2017-06-07 18:25:18	410	812	1	7	0	0	10	0	0	8	0	0	9	0	0	8.5	0	0.519		50.0194	408.912	11.0784	0	221.483	0.783713	1391.62	2	0.0088623	13.1339	30.2411	0	0	
2017-06-07 18:25:07	407	814	1	1	0	0	4	0	0	2	0	0	3	0	0	2.5	0	0.519		32.8917	515.525	23.9685	0	728.71	4.90877	4578.62	2	0.0088623	13.1782	30.3711	0	0	
2017-06-07 18:25:29	413	816	1	13	0	0	16	0	0	14	0	0	15	0	0	14.5	0	0.519		50.0173	415.629	357.683	0	7151.19	3.19161	44932.3	2	0.0088623	13.196	30.1112	0	0	
2017-06-07 18:25:26	412	818	1	12	0	0	15	0	0	13	0	0	14	0	0	13.5	0	0.519		50.0075	401.949	0.794213	0	15.8819	9.41113	99.7887	2	0.0088623	13.2314	29.9813	0	0	
2017-06-07 18:25:15	409	820	1	6	0	0	9	0	0	7	0	0	8	0	0	7.5	0	0.519		50.0079	437.454	124.27	0	2485.02	1.08095	15613.8	2	0.0088623	13.3112	30.2411	0	0	
2017-06-07 18:25:56	420	821	1	26	0	0	29	0	0	27	0	0	28	0	0	27.5	0	0.519		8.95206	321.143	4.87241	0	544.278	1.40681	3419.8	2	0.0088623	13.3466	29.7214	0	0	
2017-06-07 18:25:33	414	822	1	14	0	0	17	0	0	15	0	0	16	0	0	15.5	0	0.519		50.0067	405.726	5.69307E-5	0	0.00113846	0.284001	0.00715315	2	0.0088623	13.2048	30.1112	0	0	
2017-06-07 18:25:22	411	825	1	8	0	0	11	0	0	9	0	0	10	0	0	9.5	0	0.519		50.0401	299.63	211.387	0	4224.36	3.16182	26542.4	2	0.0088623	13.2137	30.2411	0	0	
