Time	MeasID	DPID	Channel	A(x)	A(y)	A(z)	B(x)	B(y)	B(z)	M(x)	M(y)	M(z)	N(x)	N(y)	N(z)	F(x)	F(y)	F(z)	Note	I(mA)	Uout(V)	U(V)	SP(V)	R(O)	Var(%)	Rho-a(Om)	Cycles	Pint(V)	Pext(V)	T int(°C)	Latitude	Longitude	
2017-06-08 06:45:42	402	781	1	20	0	0	23	0	0	21	0	0	22	0	0	21.5	0	0.519		50.0237	378.525	10.7069	0	214.036	0.939033	1344.83	2	0.0088623	13.2846	29.5914	0	0	
2017-06-08 06:45:17	395	782	1	7	0	0	10	0	0	8	0	0	9	0	0	8.5	0	0.519		50.0019	440.39	22.8746	0	457.475	0.560754	2874.4	2	0.0088623	12.9478	30.1112	0	0	
2017-06-08 06:45:28	398	786	1	13	0	0	16	0	0	14	0	0	15	0	0	14.5	0	0.519		49.9868	482.331	5.79982	0	116.027	12.4204	729.02	2	0.0088623	13.1073	29.5914	0	0	
2017-06-08 06:45:46	403	787	1	24	0	0	27	0	0	25	0	0	26	0	0	25.5	0	0.519		39.8481	554.714	4.73751	0	118.889	0.950953	747.005	2	0.0088623	13.2403	29.4615	0	0	
2017-06-08 06:45:24	397	788	1	12	0	0	15	0	0	13	0	0	14	0	0	13.5	0	0.519		49.977	501.601	1.26909	0	25.3935	3.00941	159.552	2	0.0088623	12.9833	29.8513	0	0	
2017-06-08 06:45:13	394	790	1	6	0	0	9	0	0	7	0	0	8	0	0	7.5	0	0.519		49.9959	463.893	116.859	0	2337.37	1.74656	14686.1	2	0.0088623	13.0719	29.9813	0	0	
2017-06-08 06:45:31	399	792	1	14	0	0	17	0	0	15	0	0	16	0	0	15.5	0	0.519		49.9979	418.88	2.22374	0	44.4767	0.200275	279.455	2	0.0088623	13.2403	29.7214	0	0	
2017-06-08 06:45:10	393	794	1	2	0	0	5	0	0	3	0	0	4	0	0	3.5	0	0.519		44.3017	525.034	245.714	0	5546.36	2.28246	34848.8	2	0.0088623	13.1782	29.7214	0	0	
2017-06-08 06:45:20	396	795	1	8	0	0	11	0	0	9	0	0	10	0	0	9.5	0	0.519		50.0404	314.711	221.887	0	4434.16	3.54642	27860.6	2	0.0088623	13.1782	29.9813	0	0	
