Time	MeasID	DPID	Channel	A(x)	A(y)	A(z)	B(x)	B(y)	B(z)	M(x)	M(y)	M(z)	N(x)	N(y)	N(z)	F(x)	F(y)	F(z)	Note	I(mA)	Uout(V)	U(V)	SP(V)	R(O)	Var(%)	Rho-a(Om)	Cycles	Pint(V)	Pext(V)	T int(°C)	Latitude	Longitude	
2017-06-10 19:25:42	972	1921	1	20	0	0	23	0	0	21	0	0	22	0	0	21.5	0	0.519		47.4614	492.2	7.73793	0	163.036	1.77201	1024.39	2	0.0088623	13.0187	29.7214	0	0	
2017-06-10 19:25:18	965	1922	1	7	0	0	10	0	0	8	0	0	9	0	0	8.5	0	0.519		50.0062	444.112	1.38423	0	27.6811	2.52552	173.926	2	0.0088623	12.8769	29.9813	0	0	
2017-06-10 19:25:04	961	1923	1	0	0	0	3	0	0	1	0	0	2	0	0	1.5	0	0.519		0.361691	479.822	0.102188	0	282.527	14.8747	1775.17	2	0.0088623	13.0364	30.1112	0	0	
2017-06-10 19:25:29	968	1926	1	13	0	0	16	0	0	14	0	0	15	0	0	14.5	0	0.519		29.797	510.334	493.352	0	16557.1	1.21984	104031	2	0.0088623	12.9478	29.7214	0	0	
2017-06-10 19:25:46	973	1927	1	24	0	0	27	0	0	25	0	0	26	0	0	25.5	0	0.519		31.4186	524.336	4.85251	0	154.447	1.59823	970.42	2	0.0088623	13.001	29.5914	0	0	
2017-06-10 19:25:15	964	1930	1	6	0	0	9	0	0	7	0	0	8	0	0	7.5	0	0.519		50.0143	416.79	109.477	0	2188.91	2.60865	13753.3	2	0.0088623	12.8947	29.9813	0	0	
2017-06-10 19:25:32	969	1932	1	14	0	0	17	0	0	15	0	0	16	0	0	15.5	0	0.519		28.1659	442.386	2.24845	0	79.8288	0.0514896	501.579	2	0.0088623	12.9124	29.7214	0	0	
2017-06-10 19:25:11	963	1934	1	2	0	0	5	0	0	3	0	0	4	0	0	3.5	0	0.519		35.8291	524.995	298.25	0	8324.26	2.1569	52302.9	2	0.0088623	12.9567	29.9813	0	0	
2017-06-10 19:25:22	966	1935	1	8	0	0	11	0	0	9	0	0	10	0	0	9.5	0	0.519		50.0408	340.063	238.235	0	4760.8	2.48746	29913	2	0.0088623	12.8769	29.9813	0	0	
