Time	MeasID	DPID	Channel	A(x)	A(y)	A(z)	B(x)	B(y)	B(z)	M(x)	M(y)	M(z)	N(x)	N(y)	N(z)	F(x)	F(y)	F(z)	Note	I(mA)	Uout(V)	U(V)	SP(V)	R(O)	Var(%)	Rho-a(Om)	Cycles	Pint(V)	Pext(V)	T int(°C)	Latitude	Longitude	
2017-06-09 02:25:38	207	391	1	20	0	0	23	0	0	21	0	0	22	0	0	21.5	0	0.519		49.9661	536.886	20.1267	0	402.808	1.66407	2530.91	2	0.0088623	12.8592	29.9813	0	0	
2017-06-09 02:25:14	200	392	1	7	0	0	10	0	0	8	0	0	9	0	0	8.5	0	0.519		43.3307	551.669	0.803962	0	18.5541	5.49788	116.579	2	0.0088623	13.001	30.2411	0	0	
2017-06-09 02:25:05	197	394	1	1	0	0	4	0	0	2	0	0	3	0	0	2.5	0	0.519		22.296	555.149	18.2554	0	818.774	0.375697	5144.51	2	0.0088623	13.063	30.2411	0	0	
2017-06-09 02:25:24	203	396	1	13	0	0	16	0	0	14	0	0	15	0	0	14.5	0	0.519		25.1132	510.075	317.901	0	12658.7	5.22225	79537.2	2	0.0088623	13.0364	30.1112	0	0	
2017-06-09 02:25:42	208	397	1	24	0	0	27	0	0	25	0	0	26	0	0	25.5	0	0.519		9.96111	459.456	5.49907	0	552.053	0.439415	3468.65	2	0.0088623	12.9301	29.9813	0	0	
2017-06-09 02:25:35	206	399	1	19	0	0	22	0	0	20	0	0	21	0	0	20.5	0	0.519		20.2542	541.348	155.123	0	7658.79	0.6163	48121.6	2	0.0088623	12.8592	29.9813	0	0	
2017-06-09 02:25:11	199	400	1	6	0	0	9	0	0	7	0	0	8	0	0	7.5	0	0.519		38.6759	553.085	141.307	0	3653.63	1.22302	22956.4	2	0.0088623	12.8947	30.3711	0	0	
2017-06-09 02:25:28	204	402	1	14	0	0	17	0	0	15	0	0	16	0	0	15.5	0	0.519		31.3874	466.841	2.27805	0	72.5783	0.55112	456.023	2	0.0088623	12.9656	30.1112	0	0	
2017-06-09 02:25:18	201	405	1	8	0	0	11	0	0	9	0	0	10	0	0	9.5	0	0.519		50.0135	428.53	334.807	0	6694.32	1.26901	42061.7	2	0.0088623	13.001	30.2411	0	0	
