Time	MeasID	DPID	Channel	A(x)	A(y)	A(z)	B(x)	B(y)	B(z)	M(x)	M(y)	M(z)	N(x)	N(y)	N(z)	F(x)	F(y)	F(z)	Note	I(mA)	Uout(V)	U(V)	SP(V)	R(O)	Var(%)	Rho-a(Om)	Cycles	Pint(V)	Pext(V)	T int(°C)	Latitude	Longitude	
2017-06-10 05:05:45	327	631	1	20	0	0	23	0	0	21	0	0	22	0	0	21.5	0	0.519		40.5989	508.956	22.3695	0	550.986	1.56445	3461.95	2	0.0088623	13.0364	29.5914	0	0	
2017-06-10 05:05:03	316	633	1	0	0	0	3	0	0	1	0	0	2	0	0	1.5	0	0.519		3.79737	409.227	1.296	0	341.289	2.57649	2144.38	2	0.0088623	13.4087	29.9813	0	0	
2017-06-10 05:05:07	317	634	1	1	0	0	4	0	0	2	0	0	3	0	0	2.5	0	0.519		28.1178	563.862	5.41175	0	192.467	2.64604	1209.31	2	0.0088623	13.1073	30.1112	0	0	
2017-06-10 05:05:30	323	636	1	13	0	0	16	0	0	14	0	0	15	0	0	14.5	0	0.519		24.7309	531.497	512.283	0	20714.3	1.73028	130152	2	0.0088623	13.0719	29.8513	0	0	
2017-06-10 05:05:49	328	637	1	24	0	0	27	0	0	25	0	0	26	0	0	25.5	0	0.519		22.3057	548.148	4.43386	0	198.777	0.557506	1248.95	2	0.0088623	13.0276	29.4615	0	0	
2017-06-10 05:05:41	326	639	1	19	0	0	22	0	0	20	0	0	21	0	0	20.5	0	0.519		27.1854	575.07	196.439	0	7225.9	1.17479	45401.7	2	0.0088623	12.9301	29.7214	0	0	
2017-06-10 05:05:14	319	640	1	6	0	0	9	0	0	7	0	0	8	0	0	7.5	0	0.519		49.9801	504.569	163.346	0	3268.23	1.36216	20534.9	2	0.0088623	13.1251	30.1112	0	0	
2017-06-10 05:05:33	324	642	1	14	0	0	17	0	0	15	0	0	16	0	0	15.5	0	0.519		16.9393	485.644	7.03496E-5	0	0.00415305	0.629522	0.0260944	2	0.0088623	12.939	29.7214	0	0	
2017-06-10 05:05:21	321	645	1	8	0	0	11	0	0	9	0	0	10	0	0	9.5	0	0.519		49.9789	485.069	400.052	0	8004.42	2.30961	50293.3	2	0.0088623	13.1251	29.9813	0	0	
