Time	MeasID	DPID	Channel	A(x)	A(y)	A(z)	B(x)	B(y)	B(z)	M(x)	M(y)	M(z)	N(x)	N(y)	N(z)	F(x)	F(y)	F(z)	Note	I(mA)	Uout(V)	U(V)	SP(V)	R(O)	Var(%)	Rho-a(Om)	Cycles	Pint(V)	Pext(V)	T int(°C)	Latitude	Longitude	
2017-06-09 01:45:38	177	331	1	20	0	0	23	0	0	21	0	0	22	0	0	21.5	0	0.519		49.9755	525.292	19.6546	0	393.286	1.03977	2471.09	2	0.0088623	13.001	29.7214	0	0	
2017-06-09 01:45:15	170	332	1	7	0	0	10	0	0	8	0	0	9	0	0	8.5	0	0.519		44.677	553.615	0.678362	0	15.1837	4.77674	95.4021	2	0.0088623	13.1251	29.9813	0	0	
2017-06-09 01:45:05	167	334	1	1	0	0	4	0	0	2	0	0	3	0	0	2.5	0	0.519		23.3918	552.538	18.5624	0	793.543	0.479397	4985.98	2	0.0088623	13.0719	29.9813	0	0	
2017-06-09 01:45:24	173	336	1	13	0	0	16	0	0	14	0	0	15	0	0	14.5	0	0.519		26.6265	504.715	335.566	0	12602.7	4.74535	79185	2	0.0088623	12.9921	29.7214	0	0	
2017-06-09 01:45:42	178	337	1	24	0	0	27	0	0	25	0	0	26	0	0	25.5	0	0.519		9.96467	441.984	5.48587	0	550.532	0.646745	3459.09	2	0.0088623	12.8858	29.4615	0	0	
2017-06-09 01:45:34	176	339	1	19	0	0	22	0	0	20	0	0	21	0	0	20.5	0	0.519		21.8185	568.292	165.522	0	7586.31	1.90356	47666.2	2	0.0088623	13.001	29.7214	0	0	
2017-06-09 01:45:12	169	340	1	6	0	0	9	0	0	7	0	0	8	0	0	7.5	0	0.519		38.6788	540.938	140.46	0	3631.45	0.636222	22817.1	2	0.0088623	12.9833	29.8513	0	0	
2017-06-09 01:45:27	174	342	1	14	0	0	17	0	0	15	0	0	16	0	0	15.5	0	0.519		26.4838	420.296	2.34519	0	88.5518	0.0467787	556.388	2	0.0088623	13.1251	29.7214	0	0	
2017-06-09 01:45:18	171	345	1	8	0	0	11	0	0	9	0	0	10	0	0	9.5	0	0.519		50.0176	419.069	326.22	0	6522.11	1.3588	40979.7	2	0.0088623	13.1782	29.8513	0	0	
