Time	MeasID	DPID	Channel	A(x)	A(y)	A(z)	B(x)	B(y)	B(z)	M(x)	M(y)	M(z)	N(x)	N(y)	N(z)	F(x)	F(y)	F(z)	Note	I(mA)	Uout(V)	U(V)	SP(V)	R(O)	Var(%)	Rho-a(Om)	Cycles	Pint(V)	Pext(V)	T int(°C)	Latitude	Longitude	
2017-06-08 00:45:43	132	241	1	20	0	0	23	0	0	21	0	0	22	0	0	21.5	0	0.519		50.0259	354.443	10.5931	0	211.752	3.15367	1330.47	2	0.0088623	13.2491	29.4615	0	0	
2017-06-08 00:45:17	125	242	1	7	0	0	10	0	0	8	0	0	9	0	0	8.5	0	0.519		50.006	418.88	16.086	0	321.682	0.104038	2021.19	2	0.0088623	13.1694	29.9813	0	0	
2017-06-08 00:45:29	128	246	1	13	0	0	16	0	0	14	0	0	15	0	0	14.5	0	0.519		49.9868	459.254	411.734	0	8236.86	4.11774	51753.7	2	0.0088623	13.1339	29.8513	0	0	
2017-06-08 00:45:46	133	247	1	24	0	0	27	0	0	25	0	0	26	0	0	25.5	0	0.519		40.7344	539.282	18.6744	0	458.442	0.305021	2880.48	2	0.0088623	13.1251	29.5914	0	0	
2017-06-08 00:45:24	127	248	1	12	0	0	15	0	0	13	0	0	14	0	0	13.5	0	0.519		49.988	479.731	0.26479	0	5.29707	7.93206	33.2825	2	0.0088623	13.1782	29.7214	0	0	
2017-06-08 00:45:13	124	250	1	6	0	0	9	0	0	7	0	0	8	0	0	7.5	0	0.519		49.9909	460.704	113.394	0	2268.29	0.518814	14252.1	2	0.0088623	13.1605	30.1112	0	0	
2017-06-08 00:45:52	135	251	1	26	0	0	29	0	0	27	0	0	28	0	0	27.5	0	0.519		3.51185	485.934	2.22169	0	632.626	28.2598	3974.91	2	0.0088623	13.0896	29.2016	0	0	
2017-06-08 00:45:32	129	252	1	14	0	0	17	0	0	15	0	0	16	0	0	15.5	0	0.519		49.9981	436.875	6.00871E-5	0	0.00120179	2.20022	0.00755106	2	0.0088623	12.9656	29.7214	0	0	
2017-06-08 00:45:21	126	255	1	8	0	0	11	0	0	9	0	0	10	0	0	9.5	0	0.519		50.0345	308.294	215.312	0	4303.26	1.39901	27038.2	2	0.0088623	13.0896	29.8513	0	0	
