Time	MeasID	DPID	Channel	A(x)	A(y)	A(z)	B(x)	B(y)	B(z)	M(x)	M(y)	M(z)	N(x)	N(y)	N(z)	F(x)	F(y)	F(z)	Note	I(mA)	Uout(V)	U(V)	SP(V)	R(O)	Var(%)	Rho-a(Om)	Cycles	Pint(V)	Pext(V)	T int(°C)	Latitude	Longitude	
2017-06-07 21:05:43	537	1051	1	20	0	0	23	0	0	21	0	0	22	0	0	21.5	0	0.519		50.0292	350.467	4.06344	0	81.2215	5.99942	510.33	2	0.0088623	13.6745	29.4615	0	0	
2017-06-07 21:05:17	530	1052	1	7	0	0	10	0	0	8	0	0	9	0	0	8.5	0	0.519		50.0086	420.606	9.48078	0	189.583	5.21526	1191.19	2	0.0088623	13.2403	29.7214	0	0	
2017-06-07 21:05:35	535	1055	1	18	0	0	21	0	0	19	0	0	20	0	0	19.5	0	0.519		43.4159	580.504	102.061	0	2350.78	8.42008	14770.4	2	0.0088623	13.3555	29.4615	0	0	
2017-06-07 21:05:28	533	1056	1	13	0	0	16	0	0	14	0	0	15	0	0	14.5	0	0.519		50.0039	426.072	370.94	0	7418.23	3.74535	46610.1	2	0.0088623	13.3023	29.5914	0	0	
2017-06-07 21:05:24	532	1058	1	12	0	0	15	0	0	13	0	0	14	0	0	13.5	0	0.519		49.9896	452.664	0.27664	0	5.53395	9.61146	34.7708	2	0.0088623	13.453	29.4615	0	0	
2017-06-07 21:05:14	529	1060	1	6	0	0	9	0	0	7	0	0	8	0	0	7.5	0	0.519		49.9968	452.807	126.152	0	2523.19	0.573156	15853.7	2	0.0088623	13.2757	29.8513	0	0	
2017-06-07 21:05:31	534	1062	1	14	0	0	17	0	0	15	0	0	16	0	0	15.5	0	0.519		50.0047	412.456	5.859E-5	0	0.00117169	0.783406	0.00736194	2	0.0088623	13.4441	29.4615	0	0	
2017-06-07 21:05:10	528	1064	1	2	0	0	5	0	0	3	0	0	4	0	0	3.5	0	0.519		39.2315	488.011	219.097	0	5584.72	4.48571	35089.9	2	0.0088623	13.3378	29.5914	0	0	
2017-06-07 21:05:21	531	1065	1	8	0	0	11	0	0	9	0	0	10	0	0	9.5	0	0.519		50.0381	300.943	208.307	0	4162.97	2.44102	26156.7	2	0.0088623	13.0364	29.7214	0	0	
