Time	MeasID	DPID	Channel	A(x)	A(y)	A(z)	B(x)	B(y)	B(z)	M(x)	M(y)	M(z)	N(x)	N(y)	N(z)	F(x)	F(y)	F(z)	Note	I(mA)	Uout(V)	U(V)	SP(V)	R(O)	Var(%)	Rho-a(Om)	Cycles	Pint(V)	Pext(V)	T int(°C)	Latitude	Longitude	
2017-06-08 10:05:40	552	1081	1	20	0	0	23	0	0	21	0	0	22	0	0	21.5	0	0.519		50.0205	381.188	16.492	0	329.704	0.592878	2071.59	2	0.0088623	12.9301	29.3315	0	0	
2017-06-08 10:05:16	545	1082	1	7	0	0	10	0	0	8	0	0	9	0	0	8.5	0	0.519		49.9908	458.116	3.02548	0	60.5208	1.64353	380.263	2	0.0088623	13.1073	29.9813	0	0	
2017-06-08 10:05:26	548	1086	1	13	0	0	16	0	0	14	0	0	15	0	0	14.5	0	0.519		49.9795	489.889	428.524	0	8574.01	2.59271	53872.1	2	0.0088623	13.1251	29.7214	0	0	
2017-06-08 10:05:44	553	1087	1	24	0	0	27	0	0	25	0	0	26	0	0	25.5	0	0.519		39.1898	569.791	19.4647	0	496.679	0.332798	3120.73	2	0.0088623	13.1251	29.4615	0	0	
2017-06-08 10:05:22	547	1088	1	12	0	0	15	0	0	13	0	0	14	0	0	13.5	0	0.519		49.9794	491.003	1.84992	0	37.0136	5.23849	232.563	2	0.0088623	13.0719	29.7214	0	0	
2017-06-08 10:05:13	544	1090	1	6	0	0	9	0	0	7	0	0	8	0	0	7.5	0	0.519		49.9839	484.068	131.52	0	2631.25	1.33898	16532.6	2	0.0088623	13.1251	29.9813	0	0	
2017-06-08 10:05:30	549	1092	1	14	0	0	17	0	0	15	0	0	16	0	0	15.5	0	0.519		49.9925	431.07	2.22706	0	44.5478	0.332855	279.902	2	0.0088623	12.9212	29.5914	0	0	
2017-06-08 10:05:09	543	1094	1	2	0	0	5	0	0	3	0	0	4	0	0	3.5	0	0.519		41.0912	520.451	248.047	0	6036.51	5.50123	37928.5	2	0.0088623	12.9656	29.8513	0	0	
2017-06-08 10:05:19	546	1095	1	8	0	0	11	0	0	9	0	0	10	0	0	9.5	0	0.519		50.0324	322.224	223.203	0	4461.17	1.92031	28030.4	2	0.0088623	13.1073	29.7214	0	0	
