Time	MeasID	DPID	Channel	A(x)	A(y)	A(z)	B(x)	B(y)	B(z)	M(x)	M(y)	M(z)	N(x)	N(y)	N(z)	F(x)	F(y)	F(z)	Note	I(mA)	Uout(V)	U(V)	SP(V)	R(O)	Var(%)	Rho-a(Om)	Cycles	Pint(V)	Pext(V)	T int(°C)	Latitude	Longitude	
2017-06-08 20:05:40	1002	1981	1	20	0	0	23	0	0	21	0	0	22	0	0	21.5	0	0.519		49.992	460.482	18.9728	0	379.516	0.272013	2384.57	2	0.0088623	12.9567	29.8513	0	0	
2017-06-08 20:05:16	995	1982	1	7	0	0	10	0	0	8	0	0	9	0	0	8.5	0	0.519		49.9692	540.32	2.64786	0	52.9898	6.27442	332.945	2	0.0088623	13.0187	30.2411	0	0	
2017-06-08 20:05:06	992	1984	1	1	0	0	4	0	0	2	0	0	3	0	0	2.5	0	0.519		28.719	566.814	20.0691	0	698.811	0.297517	4390.76	2	0.0088623	13.1694	29.9813	0	0	
2017-06-08 20:05:27	998	1986	1	13	0	0	16	0	0	14	0	0	15	0	0	14.5	0	0.519		41.0297	492.451	398.004	0	9700.39	4.84482	60949.3	2	0.0088623	13.001	30.1112	0	0	
2017-06-08 20:05:44	1003	1987	1	24	0	0	27	0	0	25	0	0	26	0	0	25.5	0	0.519		19.7168	527.961	5.67329	0	287.739	2.08771	1807.92	2	0.0088623	12.9478	29.7214	0	0	
2017-06-08 20:05:37	1001	1989	1	19	0	0	22	0	0	20	0	0	21	0	0	20.5	0	0.519		26.4995	550.226	145.112	0	5476.02	0.370573	34406.9	2	0.0088623	12.9656	29.9813	0	0	
2017-06-08 20:05:12	994	1990	1	6	0	0	9	0	0	7	0	0	8	0	0	7.5	0	0.519		45.0545	549.068	138.489	0	3073.81	1.4476	19313.3	2	0.0088623	12.8947	30.1112	0	0	
2017-06-08 20:05:31	999	1992	1	14	0	0	17	0	0	15	0	0	16	0	0	15.5	0	0.519		48.1607	463.857	2.20414	0	45.7663	0.267696	287.558	2	0.0088623	12.9833	29.9813	0	0	
2017-06-08 20:05:19	996	1995	1	8	0	0	11	0	0	9	0	0	10	0	0	9.5	0	0.519		50.0295	370.159	267.219	0	5341.24	1.82887	33560	2	0.0088623	12.9833	30.1112	0	0	
