Time	MeasID	DPID	Channel	A(x)	A(y)	A(z)	B(x)	B(y)	B(z)	M(x)	M(y)	M(z)	N(x)	N(y)	N(z)	F(x)	F(y)	F(z)	Note	I(mA)	Uout(V)	U(V)	SP(V)	R(O)	Var(%)	Rho-a(Om)	Cycles	Pint(V)	Pext(V)	T int(°C)	Latitude	Longitude	
2017-06-07 22:05:41	12	1	1	20	0	0	23	0	0	21	0	0	22	0	0	21.5	0	0.519		50.0368	350.02	5.61937	0	112.305	5.42567	705.631	2	0.0088623	13.001	29.9813	0	0	
2017-06-07 22:05:16	5	2	1	7	0	0	10	0	0	8	0	0	9	0	0	8.5	0	0.519		50.0116	417.282	17.3655	0	347.229	2.26956	2181.7	2	0.0088623	13.2048	30.2411	0	0	
2017-06-07 22:05:07	2	4	1	1	0	0	4	0	0	2	0	0	3	0	0	2.5	0	0.519		33.7336	531.463	18.595	0	551.23	6.81276	3463.48	2	0.0088623	13.2314	30.1112	0	0	
2017-06-07 22:05:27	8	6	1	13	0	0	16	0	0	14	0	0	15	0	0	14.5	0	0.519		49.9991	452.963	394.836	0	7896.85	3.64036	49617.4	2	0.0088623	13.001	30.1112	0	0	
2017-06-07 22:05:23	7	8	1	12	0	0	15	0	0	13	0	0	14	0	0	13.5	0	0.519		49.9881	463.559	0.194634	0	3.89361	11.1527	24.4643	2	0.0088623	13.1782	30.1112	0	0	
2017-06-07 22:05:13	4	10	1	6	0	0	9	0	0	7	0	0	8	0	0	7.5	0	0.519		50.0034	450.206	118.942	0	2378.68	0.956203	14945.7	2	0.0088623	13.001	30.2411	0	0	
2017-06-07 22:05:31	9	12	1	14	0	0	17	0	0	15	0	0	16	0	0	15.5	0	0.519		50.0055	417.904	5.76781E-5	0	0.00115343	0.498795	0.00724724	2	0.0088623	13.001	30.1112	0	0	
2017-06-07 22:05:10	3	14	1	2	0	0	5	0	0	3	0	0	4	0	0	3.5	0	0.519		46.0743	527.413	227.984	0	4948.17	1.57051	31090.3	2	0.0088623	13.001	30.2411	0	0	
2017-06-07 22:05:20	6	15	1	8	0	0	11	0	0	9	0	0	10	0	0	9.5	0	0.519		50.0407	303.555	212.691	0	4250.36	1.44913	26705.8	2	0.0088623	13.1782	30.2411	0	0	
