Time	MeasID	DPID	Channel	A(x)	A(y)	A(z)	B(x)	B(y)	B(z)	M(x)	M(y)	M(z)	N(x)	N(y)	N(z)	F(x)	F(y)	F(z)	Note	I(mA)	Uout(V)	U(V)	SP(V)	R(O)	Var(%)	Rho-a(Om)	Cycles	Pint(V)	Pext(V)	T int(°C)	Latitude	Longitude	
2017-06-08 20:25:40	1017	2011	1	20	0	0	23	0	0	21	0	0	22	0	0	21.5	0	0.519		49.9889	454.553	19.1904	0	383.893	1.43345	2412.07	2	0.0088623	12.9656	29.5914	0	0	
2017-06-08 20:25:16	1010	2012	1	7	0	0	10	0	0	8	0	0	9	0	0	8.5	0	0.519		49.9687	546.653	2.29411	0	45.9109	12.0088	288.467	2	0.0088623	12.8592	29.9813	0	0	
2017-06-08 20:25:06	1007	2014	1	1	0	0	4	0	0	2	0	0	3	0	0	2.5	0	0.519		27.9447	567.656	20.2377	0	724.205	0.660883	4550.31	2	0.0088623	13.1782	29.9813	0	0	
2017-06-08 20:25:44	1018	2017	1	24	0	0	27	0	0	25	0	0	26	0	0	25.5	0	0.519		20.142	523.73	15.473	0	768.196	0.819016	4826.72	2	0.0088623	12.7883	29.5914	0	0	
2017-06-08 20:25:22	1012	2018	1	12	0	0	15	0	0	13	0	0	14	0	0	13.5	0	0.519		40.5433	531.295	2.39599	0	59.097	0.59269	371.317	2	0.0088623	13.001	29.9813	0	0	
2017-06-08 20:25:37	1016	2019	1	19	0	0	22	0	0	20	0	0	21	0	0	20.5	0	0.519		25.5272	544.522	147.652	0	5784.09	0.931208	36342.5	2	0.0088623	12.8592	29.7214	0	0	
2017-06-08 20:25:13	1009	2020	1	6	0	0	9	0	0	7	0	0	8	0	0	7.5	0	0.519		45.2994	556.148	140.56	0	3102.91	1.5971	19496.2	2	0.0088623	13.0276	29.9813	0	0	
2017-06-08 20:25:50	1020	2021	1	26	0	0	29	0	0	27	0	0	28	0	0	27.5	0	0.519		9.98199	347.687	8.22953	0	824.438	0.698696	5180.1	2	0.0088623	13.0364	29.5914	0	0	
2017-06-08 20:25:19	1011	2025	1	8	0	0	11	0	0	9	0	0	10	0	0	9.5	0	0.519		50.0288	377.675	263.547	0	5267.9	2.15599	33099.2	2	0.0088623	12.8415	29.8513	0	0	
