Time	MeasID	DPID	Channel	A(x)	A(y)	A(z)	B(x)	B(y)	B(z)	M(x)	M(y)	M(z)	N(x)	N(y)	N(z)	F(x)	F(y)	F(z)	Note	I(mA)	Uout(V)	U(V)	SP(V)	R(O)	Var(%)	Rho-a(Om)	Cycles	Pint(V)	Pext(V)	T int(°C)	Latitude	Longitude	
2017-06-10 08:25:43	477	931	1	20	0	0	23	0	0	21	0	0	22	0	0	21.5	0	0.519		37.8324	496.144	18.0451	0	476.976	1.79042	2996.93	2	0.0088623	13.0364	29.8513	0	0	
2017-06-10 08:25:18	470	932	1	7	0	0	10	0	0	8	0	0	9	0	0	8.5	0	0.519		49.9491	536.417	0.308049	0	6.16726	6.59662	38.7501	2	0.0088623	13.0099	30.1112	0	0	
2017-06-10 08:25:07	467	934	1	1	0	0	4	0	0	2	0	0	3	0	0	2.5	0	0.519		27.8473	554.772	32.7116	0	1174.68	11.8085	7380.71	2	0.0088623	13.196	30.2411	0	0	
2017-06-10 08:25:29	473	936	1	13	0	0	16	0	0	14	0	0	15	0	0	14.5	0	0.519		24.5599	515.386	499.843	0	20352	2.65472	127876	2	0.0088623	12.9921	30.1112	0	0	
2017-06-10 08:25:47	478	937	1	24	0	0	27	0	0	25	0	0	26	0	0	25.5	0	0.519		23.1577	548.437	4.72681	0	204.114	0.457512	1282.48	2	0.0088623	12.9656	29.7214	0	0	
2017-06-10 08:25:14	469	940	1	6	0	0	9	0	0	7	0	0	8	0	0	7.5	0	0.519		49.987	496.286	156.818	0	3137.17	1.61824	19711.4	2	0.0088623	13.0187	30.2411	0	0	
2017-06-10 08:25:33	474	942	1	14	0	0	17	0	0	15	0	0	16	0	0	15.5	0	0.519		24.4553	455.245	2.33333	0	95.4119	0.10645	599.491	2	0.0088623	12.9656	30.1112	0	0	
2017-06-10 08:25:10	468	944	1	2	0	0	5	0	0	3	0	0	4	0	0	3.5	0	0.519		31.9596	548.601	304.615	0	9531.26	1.5683	59886.7	2	0.0088623	13.0187	30.1112	0	0	
2017-06-10 08:25:22	471	945	1	8	0	0	11	0	0	9	0	0	10	0	0	9.5	0	0.519		49.9984	437.226	347.691	0	6954.05	3.21931	43693.6	2	0.0088623	12.9744	30.1112	0	0	
