Time	MeasID	DPID	Channel	A(x)	A(y)	A(z)	B(x)	B(y)	B(z)	M(x)	M(y)	M(z)	N(x)	N(y)	N(z)	F(x)	F(y)	F(z)	Note	I(mA)	Uout(V)	U(V)	SP(V)	R(O)	Var(%)	Rho-a(Om)	Cycles	Pint(V)	Pext(V)	T int(°C)	Latitude	Longitude	
2017-06-08 01:45:43	177	331	1	20	0	0	23	0	0	21	0	0	22	0	0	21.5	0	0.519		50.0204	362.699	8.27482	0	165.429	1.65079	1039.42	2	0.0088623	13.2846	29.7214	0	0	
2017-06-08 01:45:18	170	332	1	7	0	0	10	0	0	8	0	0	9	0	0	8.5	0	0.519		50.0058	430.533	5.49144	0	109.816	0.823708	689.994	2	0.0088623	13.0719	29.7214	0	0	
2017-06-08 01:45:04	166	333	1	0	0	0	3	0	0	1	0	0	2	0	0	1.5	0	0.519		0.981265	537.824	0.199782	0	203.596	17.4407	1279.23	2	0.0088623	13.3909	29.9813	0	0	
2017-06-08 01:45:28	173	336	1	13	0	0	16	0	0	14	0	0	15	0	0	14.5	0	0.519		49.984	453.595	407.096	0	8144.52	3.38478	51173.5	2	0.0088623	13.1073	29.9813	0	0	
2017-06-08 01:45:46	178	337	1	24	0	0	27	0	0	25	0	0	26	0	0	25.5	0	0.519		41.9033	569.47	19.4216	0	463.486	1.52454	2912.17	2	0.0088623	12.9833	29.5914	0	0	
2017-06-08 01:45:25	172	338	1	12	0	0	15	0	0	13	0	0	14	0	0	13.5	0	0.519		49.9831	489.272	0.698319	0	13.9711	7.63518	87.7831	2	0.0088623	12.9833	29.9813	0	0	
2017-06-08 01:45:14	169	340	1	6	0	0	9	0	0	7	0	0	8	0	0	7.5	0	0.519		49.998	460.199	119.473	0	2389.55	0.928512	15014	2	0.0088623	13.2048	30.1112	0	0	
2017-06-08 01:45:32	174	342	1	14	0	0	17	0	0	15	0	0	16	0	0	15.5	0	0.519		49.9968	444.756	6.11568E-5	0	0.00122321	0.480984	0.00768568	2	0.0088623	13.2137	29.9813	0	0	
2017-06-08 01:45:21	171	345	1	8	0	0	11	0	0	9	0	0	10	0	0	9.5	0	0.519		50.0412	308.448	218.606	0	4368.53	2.64524	27448.3	2	0.0088623	12.9478	30.1112	0	0	
