Time	MeasID	DPID	Channel	A(x)	A(y)	A(z)	B(x)	B(y)	B(z)	M(x)	M(y)	M(z)	N(x)	N(y)	N(z)	F(x)	F(y)	F(z)	Note	I(mA)	Uout(V)	U(V)	SP(V)	R(O)	Var(%)	Rho-a(Om)	Cycles	Pint(V)	Pext(V)	T int(°C)	Latitude	Longitude	
2017-06-07 19:05:44	447	871	1	20	0	0	23	0	0	21	0	0	22	0	0	21.5	0	0.519		50.0317	350.222	5.36364	0	107.205	1.29527	673.588	2	0.0088623	13.2846	29.5914	0	0	
2017-06-07 19:05:18	440	872	1	7	0	0	10	0	0	8	0	0	9	0	0	8.5	0	0.519		50.0096	412.469	3.3404	0	66.7953	2.27575	419.687	2	0.0088623	13.2403	29.9813	0	0	
2017-06-07 19:05:07	437	874	1	1	0	0	4	0	0	2	0	0	3	0	0	2.5	0	0.519		33.7015	513.547	19.3583	0	574.406	5.64541	3609.1	2	0.0088623	13.32	29.7214	0	0	
2017-06-07 19:05:29	443	876	1	13	0	0	16	0	0	14	0	0	15	0	0	14.5	0	0.519		50.0044	407.115	354.845	0	7096.27	0.640977	44587.2	2	0.0088623	13.2137	29.7214	0	0	
2017-06-07 19:05:25	442	878	1	12	0	0	15	0	0	13	0	0	14	0	0	13.5	0	0.519		50.0101	395.72	0.224937	0	4.49784	7.12094	28.2608	2	0.0088623	13.2846	29.7214	0	0	
2017-06-07 19:05:14	439	880	1	6	0	0	9	0	0	7	0	0	8	0	0	7.5	0	0.519		50.0031	440.505	124.539	0	2490.62	0.896977	15649	2	0.0088623	13.2137	30.1112	0	0	
2017-06-07 19:05:33	444	882	1	14	0	0	17	0	0	15	0	0	16	0	0	15.5	0	0.519		50.0081	395.286	5.79089E-5	0	0.00115799	1.7527	0.00727586	2	0.0088623	13.2314	29.7214	0	0	
2017-06-07 19:05:10	438	884	1	2	0	0	5	0	0	3	0	0	4	0	0	3.5	0	0.519		49.6377	513.769	195.401	0	3936.55	3.7013	24734.1	2	0.0088623	13.0364	29.8513	0	0	
2017-06-07 19:05:21	441	885	1	8	0	0	11	0	0	9	0	0	10	0	0	9.5	0	0.519		50.043	298.39	215.178	0	4299.86	3.03268	27016.8	2	0.0088623	13.2314	29.9813	0	0	
