Time	MeasID	DPID	Channel	A(x)	A(y)	A(z)	B(x)	B(y)	B(z)	M(x)	M(y)	M(z)	N(x)	N(y)	N(z)	F(x)	F(y)	F(z)	Note	I(mA)	Uout(V)	U(V)	SP(V)	R(O)	Var(%)	Rho-a(Om)	Cycles	Pint(V)	Pext(V)	T int(°C)	Latitude	Longitude	
2017-06-08 05:25:42	342	661	1	20	0	0	23	0	0	21	0	0	22	0	0	21.5	0	0.519		50.033	364.229	16.558	0	330.942	0.703517	2079.37	2	0.0088623	13.1605	29.5914	0	0	
2017-06-08 05:25:17	335	662	1	7	0	0	10	0	0	8	0	0	9	0	0	8.5	0	0.519		50.0083	433.326	20.1849	0	403.632	2.4821	2536.09	2	0.0088623	12.9301	29.8513	0	0	
2017-06-08 05:25:07	332	664	1	1	0	0	4	0	0	2	0	0	3	0	0	2.5	0	0.519		35.599	551.371	17.2591	0	484.821	2.31462	3046.22	2	0.0088623	13.2137	29.7214	0	0	
2017-06-08 05:25:28	338	666	1	13	0	0	16	0	0	14	0	0	15	0	0	14.5	0	0.519		49.9807	477.914	418.32	0	8369.63	2.7043	52588	2	0.0088623	12.9833	29.5914	0	0	
2017-06-08 05:25:46	343	667	1	24	0	0	27	0	0	25	0	0	26	0	0	25.5	0	0.519		40.3751	556.246	18.1166	0	448.707	0.0925036	2819.31	2	0.0088623	13.1694	29.4615	0	0	
2017-06-08 05:25:24	337	668	1	12	0	0	15	0	0	13	0	0	14	0	0	13.5	0	0.519		49.9824	496.168	1.2039	0	24.0865	11.6948	151.34	2	0.0088623	13.1694	29.8513	0	0	
2017-06-08 05:25:13	334	670	1	6	0	0	9	0	0	7	0	0	8	0	0	7.5	0	0.519		49.9978	465.573	115.039	0	2300.88	0.986658	14456.8	2	0.0088623	13.1782	29.9813	0	0	
2017-06-08 05:25:31	339	672	1	14	0	0	17	0	0	15	0	0	16	0	0	15.5	0	0.519		50.0076	416.515	2.22737	0	44.5407	0.0552322	279.858	2	0.0088623	13.2137	29.7214	0	0	
2017-06-08 05:25:21	336	675	1	8	0	0	11	0	0	9	0	0	10	0	0	9.5	0	0.519		50.0389	317.976	215.643	0	4309.5	1.49945	27077.4	2	0.0088623	13.1782	29.9813	0	0	
