Time	MeasID	DPID	Channel	A(x)	A(y)	A(z)	B(x)	B(y)	B(z)	M(x)	M(y)	M(z)	N(x)	N(y)	N(z)	F(x)	F(y)	F(z)	Note	I(mA)	Uout(V)	U(V)	SP(V)	R(O)	Var(%)	Rho-a(Om)	Cycles	Pint(V)	Pext(V)	T int(°C)	Latitude	Longitude	
2017-06-08 00:05:42	102	181	1	20	0	0	23	0	0	21	0	0	22	0	0	21.5	0	0.519		50.0142	377.13	16.4312	0	328.531	1.86331	2064.22	2	0.0088623	13.2491	29.7214	0	0	
2017-06-08 00:05:17	95	182	1	7	0	0	10	0	0	8	0	0	9	0	0	8.5	0	0.519		50.0042	422.41	18.1877	0	363.725	0.374036	2285.35	2	0.0088623	13.1694	29.8513	0	0	
2017-06-08 00:05:28	98	186	1	13	0	0	16	0	0	14	0	0	15	0	0	14.5	0	0.519		49.9813	469.134	423.091	0	8464.98	4.85457	53187	2	0.0088623	13.1782	29.9813	0	0	
2017-06-08 00:05:46	103	187	1	24	0	0	27	0	0	25	0	0	26	0	0	25.5	0	0.519		39.1475	559.464	17.3048	0	442.041	0.776989	2777.43	2	0.0088623	13.1605	29.5914	0	0	
2017-06-08 00:05:24	97	188	1	12	0	0	15	0	0	13	0	0	14	0	0	13.5	0	0.519		49.9807	475.26	0.337785	0	6.75832	0.0762077	42.4637	2	0.0088623	13.1694	29.9813	0	0	
2017-06-08 00:05:14	94	190	1	6	0	0	9	0	0	7	0	0	8	0	0	7.5	0	0.519		49.9937	454.86	121.18	0	2423.9	1.32742	15229.8	2	0.0088623	13.1782	30.1112	0	0	
2017-06-08 00:05:52	105	191	1	26	0	0	29	0	0	27	0	0	28	0	0	27.5	0	0.519		4.46624	572.337	2.53052	0	566.589	1.45065	3559.99	2	0.0088623	13.2491	29.5914	0	0	
2017-06-08 00:05:32	99	192	1	14	0	0	17	0	0	15	0	0	16	0	0	15.5	0	0.519		49.9903	452.294	5.95546E-5	0	0.00119132	0.835894	0.0074853	2	0.0088623	13.1782	29.9813	0	0	
2017-06-08 00:05:21	96	195	1	8	0	0	11	0	0	9	0	0	10	0	0	9.5	0	0.519		50.0338	308.614	215.388	0	4304.85	1.82782	27048.2	2	0.0088623	13.1782	29.9813	0	0	
